0 0 0 14 2 0 0 0 0 0 0 0 135 18 21 72
0 0 20 0 0 0 8 16 0 8 8 0 0 0 32 4
0 0 0 0 0 0 0 0 0 0 0 0 45 0 0 45
0 0 32 49 7 0 0 0 0 0 0 0 0 63 0 0
0 0 0 0 0 0 0 0 0 0 0 0 0 0 0 0
0 0 0 0 0 0 32 0 0 0 0 0 0 0 0 0
0 0 0 0 0 0 0 0 0 54 0 0 72 0 24 0
0 0 0 0 0 0 0 0 0 0 0 0 63 0 21 0
0 0 0 0 0 0 20 0 0 0 0 0 0 0 0 0
0 0 0 0 0 0 0 0 0 0 0 0 0 0 0 0
0 0 0 0 0 0 0 0 0 0 0 0 45 0 15 0
0 0 0 0 0 0 0 0 0 0 0 0 36 0 12 0
0 0 56 0 0 0 0 0 0 0 0 0 0 0 0 0
0 0 0 0 0 0 0 0 0 0 0 0 18 0 0 18
0 0 0 0 0 0 0 0 0 0 0 0 0 0 0 0
6 0 0 0 0 0 6 0 24 0 0 0 0 0 0 0
