241 311 375 313 257 278 390 289 374 337 353 207 415 268 297 270
358 384 475 434 365 343 517 459 435 457 459 218 544 381 336 388
335 317 467 309 302 377 470 415 371 445 444 185 459 287 308 330
172 288 274 290 213 278 314 321 298 332 355 118 334 228 283 247
328 398 438 352 284 453 456 415 460 472 514 216 487 316 385 342
289 323 382 340 322 290 455 429 333 346 400 168 425 309 317 241
229 362 391 393 258 327 377 383 375 330 365 196 360 331 272 275
213 279 346 301 273 225 382 285 253 303 321 155 365 243 253 284
171 303 311 289 217 272 313 242 322 342 326 187 353 239 261 267
230 353 432 392 265 350 417 374 344 378 448 219 397 286 321 413
336 452 518 435 362 462 528 494 516 568 555 260 586 374 435 430
198 326 290 329 284 237 420 355 298 328 365 174 398 222 323 268
226 284 336 318 188 267 318 327 263 359 329 134 322 202 232 257
165 236 238 262 233 159 295 205 209 291 262 130 329 202 241 259
223 255 296 248 213 256 380 368 294 370 358 145 396 140 253 255
182 268 284 291 195 231 308 269 250 261 253 152 272 209 176 212
