0 0 0 0 0 0 0 0 0 0 0 0 0 0 0 0
0 0 0 0 0 0 0 0 0 0 0 0 0 0 0 0
0 48 0 0 0 0 40 0 48 0 56 0 0 0 0 0
24 0 0 0 0 0 0 0 0 0 32 10 0 0 0 0
28 6 10 0 0 40 0 0 0 25 0 14 0 0 0 0
4 0 0 0 29 0 0 0 12 36 0 0 0 0 0 16
0 0 0 0 0 0 0 0 0 36 0 0 0 0 0 0
0 0 18 0 0 72 0 0 0 45 0 0 0 0 0 0
0 12 0 0 0 0 10 0 12 0 14 0 0 0 0 0
24 0 14 0 0 56 0 0 0 35 0 0 0 0 0 0
0 0 0 0 0 0 0 0 0 36 0 0 0 0 0 0
0 0 0 0 0 0 0 0 0 0 0 0 0 0 0 0
0 0 0 0 32 0 0 0 0 0 0 0 0 0 0 5
48 0 6 0 0 24 0 0 3 24 64 0 0 0 0 4
0 0 0 0 0 0 0 0 0 0 0 0 0 0 0 0
12 0 0 0 0 0 0 0 0 0 0 0 0 0 0 0
