16 12 18 13 17 16 13 18 16 17 20 13 12 15 17 17 18 16 11 13 15 19 17 14 13 17 15 15 14 11 11 14 17 13 17 18 13 14 17 18 14 17 14 14 18 17 17 20 12 14 16 15 17 16 15 16 12 21 12 15 16 14 15 16
19 13 18 19 19 14 15 18 14 17 16 14 16 17 17 18 16 20 15 14 18 19 15 12 19 18 16 18 16 19 12 18 18 16 14 19 10 20 21 15 13 18 16 10 20 20 18 18 17 15 16 17 19 19 19 16 14 20 16 16 14 13 12 17
17 6 12 12 15 11 12 15 12 16 15 15 12 11 15 14 15 21 12 9 14 12 9 14 13 12 19 15 16 13 9 14 15 14 10 15 7 16 16 13 11 12 11 8 16 17 15 17 11 11 13 14 13 16 13 12 13 17 9 16 12 10 11 12
16 14 15 14 18 17 11 16 14 19 17 16 14 16 19 15 17 18 14 15 21 17 15 13 21 13 19 15 16 16 10 18 14 18 13 18 14 17 21 15 16 14 14 10 20 19 19 17 14 15 16 17 19 20 18 17 16 17 14 16 14 14 11 16
16 15 17 15 16 15 13 14 16 16 18 12 14 17 15 15 16 20 10 16 14 18 17 15 15 17 17 20 18 19 16 23 17 11 12 19 14 16 13 15 14 19 13 12 19 17 17 16 16 17 18 16 20 17 18 15 11 20 15 10 14 17 13 18
15 8 13 12 14 14 12 16 13 15 13 10 11 17 16 15 17 17 9 14 17 15 13 13 18 13 14 14 16 16 11 20 17 18 14 14 14 15 21 15 13 18 12 7 18 16 22 11 12 14 14 17 13 15 17 16 15 16 13 14 12 12 12 14
21 13 21 19 20 20 13 21 18 23 14 17 16 19 20 17 20 22 15 14 19 23 21 17 23 17 17 18 16 23 12 20 21 21 16 21 18 17 20 19 19 20 18 14 22 17 18 20 20 20 18 20 20 17 22 20 17 20 16 15 20 15 16 20
12 14 15 14 12 11 9 16 15 16 17 9 15 15 19 11 14 16 8 15 16 17 14 16 17 13 14 16 14 13 12 16 14 11 14 17 14 15 16 16 11 14 12 11 18 17 20 15 10 16 16 15 16 14 14 16 12 18 13 16 15 15 7 16
14 16 16 13 19 16 10 18 11 19 15 14 11 20 20 13 17 16 10 20 15 19 18 14 17 19 15 12 16 17 11 18 13 14 17 19 14 20 18 18 16 18 13 9 22 19 22 16 14 18 20 15 15 20 16 17 15 19 11 16 15 14 12 14
20 16 21 15 18 19 15 22 19 23 20 16 13 24 25 19 23 24 13 19 19 20 19 17 22 18 19 18 21 26 14 23 19 20 18 25 20 20 23 21 18 24 18 11 20 21 24 19 20 19 17 21 21 20 19 16 15 18 17 18 20 18 15 18
11 9 14 14 17 12 9 12 12 16 10 8 8 13 16 11 12 13 8 11 13 12 12 13 14 13 10 14 12 13 9 14 10 13 12 12 11 12 13 12 9 13 11 8 17 10 15 12 11 12 12 15 15 12 11 10 10 10 8 11 12 11 9 10
17 11 15 14 15 11 13 17 16 18 17 14 11 15 17 16 17 20 11 12 14 15 11 17 16 14 16 17 16 20 11 20 16 20 12 20 16 19 20 13 15 16 14 8 18 17 17 19 17 13 17 19 16 20 16 15 13 18 12 16 16 13 16 16
10 13 16 13 14 13 11 18 12 16 14 11 13 15 13 14 14 12 9 15 15 14 15 11 19 14 13 18 14 19 12 17 16 15 17 13 14 17 18 13 15 18 13 7 17 14 17 15 11 14 18 15 14 14 17 14 12 17 15 14 16 17 13 14
21 17 20 21 18 17 15 21 18 22 15 14 16 21 20 18 18 21 13 16 19 20 18 16 15 18 20 22 17 24 16 23 23 16 13 21 16 22 19 16 14 20 20 11 22 15 18 21 16 16 19 21 18 22 18 18 16 21 16 13 19 17 13 12
11 12 14 10 9 10 9 15 10 15 14 11 7 15 14 11 14 12 7 17 13 13 12 9 12 10 12 14 11 15 10 12 13 11 14 17 13 15 17 12 12 15 11 10 16 12 16 16 9 12 15 14 13 8 16 13 10 17 13 10 12 14 10 11
18 13 15 16 21 16 15 16 16 21 18 14 16 20 17 15 15 19 16 12 19 14 14 16 15 15 20 18 16 15 15 14 16 17 9 16 12 18 16 16 13 16 14 14 16 14 15 17 13 15 17 17 14 19 14 15 18 16 11 13 16 13 13 16
15 11 17 15 17 16 13 20 13 21 18 13 17 15 18 13 17 19 12 12 14 14 15 18 20 12 19 20 17 19 15 21 18 16 18 18 13 18 16 17 15 21 15 11 22 16 17 19 16 16 19 17 18 15 19 15 14 19 14 16 18 16 13 14
17 12 17 14 18 14 10 18 16 17 15 16 12 20 20 17 18 14 9 12 17 17 16 16 19 13 19 13 15 16 13 16 16 18 18 21 12 17 16 16 15 21 13 13 22 15 20 19 12 17 18 18 15 18 19 19 17 18 17 16 18 15 13 15
13 18 16 15 16 15 11 18 15 18 17 13 12 20 18 18 19 17 10 23 19 18 16 12 14 17 14 18 15 20 13 19 15 14 16 19 19 20 21 17 16 17 13 9 20 15 21 16 13 15 16 17 18 15 19 20 17 17 18 14 15 15 11 15
16 14 18 16 21 17 13 22 15 19 17 16 13 18 23 18 20 22 13 18 18 18 17 16 20 17 19 19 15 18 13 24 22 17 17 22 16 21 19 16 16 18 13 8 22 21 20 18 18 19 22 18 16 18 24 15 15 20 18 15 21 15 13 16
17 16 21 21 20 17 16 22 18 19 19 13 14 20 27 18 19 19 12 16 19 22 19 17 21 21 19 22 16 16 15 17 19 17 16 23 17 20 24 17 15 19 17 12 23 21 23 17 17 23 17 19 21 20 21 22 16 21 15 19 19 15 12 19
20 15 18 16 20 19 15 21 18 23 19 17 17 22 23 16 20 24 16 16 22 19 17 16 20 18 20 19 18 21 14 24 17 17 16 20 15 23 21 20 20 17 15 13 20 22 22 20 21 19 21 20 18 20 18 17 17 20 17 16 18 18 16 20
16 14 15 16 16 17 16 20 16 16 18 15 14 18 17 20 19 16 10 14 17 19 16 16 15 19 15 16 19 19 8 20 18 16 14 15 14 17 20 16 17 19 17 12 19 14 18 14 11 16 15 17 16 18 17 16 13 18 15 14 14 15 15 16
12 13 18 12 11 12 11 17 11 16 14 11 9 11 16 12 18 19 10 14 17 18 18 13 14 15 13 13 15 15 11 18 14 16 13 17 16 15 16 18 13 15 12 9 17 18 13 16 13 13 13 18 14 14 16 12 10 17 15 14 11 13 10 19
20 19 20 20 23 22 18 23 19 25 21 19 21 26 25 20 25 28 17 23 23 26 21 20 22 21 24 25 25 24 14 26 24 25 19 26 20 24 27 25 22 23 18 15 26 28 30 20 22 25 21 23 22 23 25 24 20 21 19 20 24 16 16 23
20 13 19 17 16 15 13 21 15 17 14 15 14 18 20 18 18 21 14 16 18 20 18 17 17 19 17 17 15 22 14 20 17 16 16 21 14 19 19 15 12 16 17 9 21 22 17 17 17 17 15 18 17 17 16 16 16 19 15 12 17 18 11 18
15 16 13 16 17 15 14 15 12 18 20 16 10 15 18 16 16 20 13 17 13 18 15 16 16 19 18 14 16 16 7 19 17 17 12 20 17 17 20 14 16 19 13 7 18 17 17 16 17 14 17 17 16 19 15 11 12 16 14 13 17 10 13 14
15 13 15 14 14 14 16 20 14 20 18 15 13 18 16 18 19 18 11 14 19 21 17 15 16 18 21 18 21 18 13 19 18 19 14 22 14 18 17 18 13 19 16 9 22 19 18 19 15 13 21 19 16 22 21 14 16 24 17 17 16 15 13 18
15 15 18 13 17 16 15 14 13 16 14 13 13 19 18 16 18 16 14 16 16 19 19 11 17 15 15 18 13 17 9 15 19 13 11 20 13 17 19 15 16 16 16 14 19 18 15 16 16 16 15 15 19 16 18 15 9 15 15 11 12 14 12 16
16 13 19 14 18 18 12 19 17 18 16 16 10 17 17 17 21 19 12 17 18 22 19 17 18 17 14 17 16 20 12 18 15 17 16 20 17 16 20 16 17 18 15 10 16 19 14 17 18 18 17 15 20 17 16 15 17 18 13 12 17 17 13 20
15 14 16 11 15 15 11 17 11 16 19 14 8 16 17 19 18 13 10 13 15 17 18 13 17 13 16 12 12 13 9 16 15 12 12 16 16 15 18 12 13 19 14 5 19 13 14 14 12 12 17 14 11 16 16 8 14 16 10 13 11 11 10 11
16 16 14 14 17 17 17 20 18 22 19 17 19 23 19 17 18 21 13 18 21 21 19 14 17 22 19 18 17 20 13 18 18 17 14 21 15 22 20 17 16 17 17 15 20 21 24 19 16 17 19 17 19 19 15 20 16 18 15 16 21 17 16 14
18 14 22 21 20 19 17 23 18 22 21 16 11 24 26 23 23 22 15 22 23 20 21 20 20 21 21 22 21 22 14 21 21 22 19 24 17 22 24 19 15 23 21 10 24 23 21 24 16 18 23 21 20 19 22 17 20 25 21 16 23 21 15 21
15 12 15 10 11 13 12 16 13 16 15 16 11 12 17 15 16 19 13 11 15 12 12 12 15 11 17 15 15 18 12 15 15 15 16 18 11 18 16 14 12 17 14 7 19 16 14 18 14 9 15 20 16 11 14 11 11 14 12 12 11 12 11 13
19 14 17 13 15 11 12 17 17 17 19 15 11 19 17 12 17 18 6 12 15 19 14 14 13 15 17 17 15 15 14 16 17 11 12 21 11 17 18 16 13 19 12 14 18 19 16 18 14 17 18 12 16 17 12 15 15 21 11 13 16 15 13 13
18 14 15 16 20 17 16 19 15 18 15 15 15 20 21 17 14 21 13 19 16 17 16 16 20 16 20 17 18 23 11 21 15 17 14 23 16 19 20 10 19 17 15 12 19 17 18 17 17 20 16 18 18 17 20 18 14 16 13 13 17 14 15 16
16 13 16 15 20 12 9 16 17 20 14 13 13 21 16 16 17 20 12 15 18 15 16 16 18 12 17 16 16 18 15 20 19 20 16 20 16 18 19 16 18 22 12 13 20 13 17 16 13 16 17 18 15 19 22 18 16 20 17 11 19 17 17 16
16 11 13 14 17 14 13 21 16 18 12 16 14 20 18 14 14 16 10 13 16 17 14 12 19 17 18 15 16 18 10 15 14 13 13 17 13 16 18 14 17 13 13 7 16 18 18 14 16 19 17 12 15 20 18 17 17 20 9 15 17 12 14 16
21 16 18 17 21 16 15 19 14 20 15 17 15 22 21 15 18 21 17 17 20 21 17 14 20 20 21 20 18 20 11 17 19 18 10 21 18 19 22 20 15 19 16 14 20 23 19 22 17 18 21 19 16 18 19 17 14 21 13 15 18 12 15 18
17 14 20 12 16 18 11 16 14 18 12 12 13 24 18 18 17 19 13 15 16 19 20 14 16 20 15 13 13 18 13 17 12 13 16 18 16 19 17 17 16 19 15 9 19 19 22 13 17 16 12 17 16 19 14 16 14 16 11 16 15 14 13 16
17 14 14 14 19 14 13 18 16 19 16 16 13 18 19 16 18 19 13 15 16 17 15 14 15 14 16 18 15 19 13 16 16 16 12 15 17 19 19 19 12 17 17 12 16 15 16 19 15 12 15 19 16 14 16 14 12 15 13 16 13 12 12 15
21 17 19 18 19 18 14 22 17 21 18 18 15 24 19 20 18 17 12 17 16 21 19 16 20 16 18 17 16 22 13 23 19 17 16 20 17 18 21 20 16 21 16 12 21 17 19 15 18 22 20 18 17 20 22 16 20 22 13 14 19 13 15 19
17 14 17 16 19 17 14 19 14 19 15 15 15 21 18 16 17 22 11 16 16 19 18 14 16 19 18 21 17 22 14 21 19 15 14 19 14 21 17 17 16 18 17 14 21 19 18 21 18 18 16 17 16 19 14 16 12 17 16 16 18 16 17 16
17 14 16 17 19 19 10 19 13 19 15 16 12 21 21 18 20 23 13 20 17 22 19 14 15 18 16 18 15 21 12 22 18 20 14 21 17 20 22 15 14 18 14 8 19 21 18 16 17 16 17 17 16 18 20 19 17 17 15 14 19 15 14 16
17 14 20 15 21 19 14 20 15 22 17 16 15 19 21 20 17 18 14 18 22 19 20 18 22 17 21 19 16 21 17 19 19 21 19 19 17 21 22 15 16 18 14 11 21 16 21 18 15 20 17 21 18 17 21 20 17 16 16 15 18 14 16 18
15 12 13 12 13 14 15 16 14 16 14 15 15 19 13 14 18 17 11 16 16 21 18 12 13 18 17 16 16 17 13 16 13 11 17 19 13 18 16 16 14 15 17 10 17 19 18 17 14 14 15 15 15 12 17 14 11 18 12 14 12 13 9 17
13 16 17 11 18 16 9 15 13 19 12 13 12 22 15 15 16 20 8 16 13 17 13 12 15 16 15 14 14 17 13 19 16 15 18 20 15 19 17 17 14 22 12 9 19 16 19 14 18 14 19 19 14 20 16 13 14 16 10 13 17 12 12 16
22 10 17 20 19 18 14 18 17 20 13 14 13 16 21 17 20 22 13 13 17 16 19 17 17 16 13 15 15 18 11 19 16 17 12 17 16 19 18 15 19 16 16 10 18 17 18 16 16 17 13 19 14 16 15 17 16 16 12 15 15 11 14 17
15 16 17 19 19 17 13 19 14 21 15 16 12 20 20 18 16 19 15 16 18 18 18 12 19 19 15 18 15 21 9 15 16 15 13 18 17 21 20 12 16 17 20 9 23 13 17 20 16 17 16 17 16 16 20 16 14 16 14 13 15 14 13 14
12 17 18 21 18 18 16 23 17 20 16 16 14 18 20 17 14 20 12 18 19 20 20 15 20 21 18 21 16 22 11 19 21 19 14 21 15 18 21 15 18 17 17 12 22 15 18 17 19 23 19 19 21 20 19 16 16 18 14 11 21 16 16 19
20 20 21 17 17 17 15 22 15 23 17 18 15 21 19 23 18 19 17 20 22 22 19 16 16 18 22 21 18 22 15 18 21 17 19 20 16 23 23 21 17 20 18 13 26 17 19 20 14 18 19 20 18 17 23 23 18 22 20 17 18 15 11 15
16 17 17 14 15 17 16 18 14 18 17 15 17 18 13 18 16 17 11 19 16 22 18 13 13 18 17 19 16 23 14 22 18 14 14 15 16 16 17 16 14 18 13 10 17 17 17 16 16 15 16 17 18 16 16 16 14 14 16 12 16 13 13 13
19 14 15 18 19 16 15 17 16 22 13 13 13 22 17 16 15 19 10 20 18 20 18 15 17 18 16 13 16 18 11 17 14 14 14 18 16 19 18 15 17 15 14 10 22 14 22 14 16 16 17 18 16 16 19 18 17 17 15 15 14 13 10 16
13 11 15 14 16 10 10 12 12 14 13 11 9 16 14 11 13 13 10 13 13 14 14 11 14 12 14 14 11 16 11 13 13 15 12 18 13 16 19 10 14 16 11 10 12 12 14 16 12 13 12 13 16 14 17 13 7 10 12 11 14 8 10 12
19 19 19 16 19 15 17 22 17 24 19 17 14 27 23 19 19 21 14 20 21 23 18 16 19 21 22 21 21 25 14 22 21 21 18 24 18 25 28 22 17 22 19 15 22 20 23 22 18 19 22 21 20 23 21 21 16 24 17 18 19 19 17 19
16 12 14 13 11 12 8 16 10 15 12 11 11 15 14 12 13 13 8 11 10 18 15 15 14 12 10 11 12 18 9 16 11 10 11 13 13 16 14 12 8 13 13 8 15 13 15 11 14 14 12 14 12 14 12 9 11 12 7 11 8 10 7 11
15 16 16 13 16 18 8 17 14 13 15 13 12 19 19 14 14 16 10 16 14 19 14 12 13 14 14 14 16 18 11 20 15 10 15 15 14 15 16 16 12 16 13 9 16 18 13 16 12 15 17 15 14 18 13 17 12 18 12 13 15 14 12 13
14 10 16 14 15 14 9 16 14 13 15 13 11 14 16 10 14 16 12 9 15 16 16 13 16 12 18 14 13 14 10 14 16 17 9 19 16 13 16 12 15 16 14 7 14 16 14 19 15 15 13 15 13 17 17 12 10 16 11 14 15 8 11 16
18 19 15 18 20 17 11 23 15 20 17 15 19 22 20 17 17 17 11 19 18 18 17 13 20 16 16 17 15 20 11 21 16 14 16 18 18 24 23 21 16 18 15 7 21 20 22 17 16 16 21 18 15 21 19 19 18 22 14 18 17 14 13 18
14 13 19 14 14 15 14 19 13 22 15 11 13 17 18 16 14 23 12 13 15 16 15 16 16 17 23 19 16 18 16 18 19 19 16 20 14 18 15 17 15 21 12 11 21 15 17 16 18 17 17 19 12 18 17 15 14 16 16 14 23 13 16 17
14 13 17 15 12 10 11 18 14 14 15 11 14 14 17 16 14 16 9 11 12 14 14 13 15 13 16 16 14 14 10 15 17 12 14 18 13 16 19 12 14 17 11 10 16 16 16 16 13 15 14 17 14 19 12 14 11 17 9 13 14 13 13 17
18 15 16 17 17 16 14 21 14 22 18 17 16 18 20 18 17 18 14 15 17 18 16 15 15 17 16 19 15 21 15 17 16 17 14 20 14 21 18 17 13 17 16 14 21 17 17 20 15 15 16 19 17 19 15 18 16 17 17 18 16 15 13 15
15 9 14 15 19 16 12 19 16 14 17 14 13 17 21 16 14 16 12 13 16 16 15 15 19 13 19 17 19 17 11 18 16 13 17 15 11 15 19 13 11 15 16 9 22 16 16 19 11 15 17 16 17 16 16 15 13 15 10 16 11 13 11 12
16 16 16 14 15 17 14 20 16 17 17 17 11 18 16 17 14 19 8 18 19 22 15 14 18 20 19 19 14 19 12 19 21 14 16 20 14 16 21 15 16 18 14 12 21 16 17 17 17 17 21 17 21 19 18 16 16 23 15 13 17 16 16 16
