0 0 0 0 28 21 0 0 0 40 0 0 0 34 0 8 0 0 6 0 54 0 0 0 9 0 46 0 13 42 0 64 0 0 0 0 36 13 0 0 36 7 13 12 0 0 0 0 0 0 35 1 0 0 14 0 0 0 0 27 0 0 0 0
0 0 10 63 20 0 0 84 0 73 0 0 0 0 0 0 0 0 0 0 0 0 0 0 30 0 0 54 0 10 0 0 0 0 0 27 0 0 0 0 30 0 0 0 0 0 0 0 0 90 0 0 30 0 0 9 0 0 0 0 0 45 0 0
0 28 0 32 8 0 35 0 0 0 0 51 0 128 0 0 0 0 10 8 34 66 0 48 54 0 48 0 50 36 0 0 0 49 0 0 0 27 0 0 63 77 45 28 0 0 0 0 35 0 0 9 23 0 0 42 0 6 0 81 0 0 0 12
0 0 0 0 0 0 0 13 0 30 0 61 0 0 0 0 45 0 15 45 30 0 0 0 13 0 0 0 0 84 0 48 20 0 0 0 18 16 40 0 0 5 0 0 0 0 0 0 72 0 10 91 0 0 0 0 0 0 0 0 56 0 20 0
57 0 2 72 22 10 0 38 5 5 0 32 0 72 0 18 12 54 0 4 36 0 4 81 18 10 0 0 0 88 0 0 24 16 0 0 0 45 0 36 2 56 72 0 6 15 2 34 20 0 0 12 0 0 0 5 77 31 0 0 0 9 31 41
14 14 0 45 17 0 12 48 106 0 0 123 77 46 0 0 35 12 43 0 10 0 0 0 10 15 0 0 0 30 0 0 50 0 0 0 56 35 0 0 9 0 16 18 27 79 12 0 81 0 0 25 0 55 0 0 24 0 12 15 0 0 0 35
30 49 0 0 0 0 42 28 0 0 0 1 0 21 0 10 0 44 0 0 0 6 0 0 35 0 0 0 0 0 0 0 0 0 0 0 0 5 0 0 9 0 40 0 0 0 0 10 63 0 0 0 0 0 0 3 79 15 0 0 0 0 0 0
16 0 4 28 6 4 0 24 13 28 14 17 6 0 0 0 0 0 0 15 0 18 0 0 17 6 0 0 0 0 0 0 0 0 9 12 0 0 0 0 27 0 0 0 0 0 0 0 0 24 0 0 0 35 0 13 8 8 5 18 0 0 0 0
0 0 0 0 0 0 0 7 0 27 0 34 0 35 18 24 63 63 18 72 43 0 0 0 51 0 82 81 18 35 0 0 28 0 0 0 36 30 45 0 90 7 24 15 0 0 63 0 0 54 0 0 45 9 0 0 0 0 54 54 0 36 28 0
42 0 0 0 0 0 0 0 20 0 0 6 0 0 48 12 7 36 0 0 0 18 0 13 18 0 0 0 14 60 0 0 0 0 0 0 0 10 0 0 24 14 48 0 0 0 8 12 0 7 0 0 2 0 8 20 56 82 0 0 0 0 0 28
30 0 30 0 4 0 18 0 0 18 2 18 0 0 12 0 0 42 36 18 0 0 0 6 0 0 0 42 30 30 0 0 12 0 0 0 0 0 78 0 0 0 18 0 0 14 42 30 0 0 0 50 14 22 18 18 36 6 60 0 24 24 0 0
0 0 0 0 0 0 0 0 0 0 0 0 0 30 0 0 0 0 45 0 0 0 0 0 0 45 0 0 0 0 0 0 0 0 0 0 0 33 0 0 0 35 43 36 0 0 0 0 0 0 0 5 0 36 0 42 48 36 0 45 0 0 0 0
12 0 0 0 0 0 54 2 24 0 0 57 0 0 0 0 0 0 30 0 0 42 0 0 2 30 0 0 0 6 0 0 48 0 0 0 48 34 10 0 63 0 0 24 0 0 0 0 18 0 0 14 0 42 0 21 0 24 0 0 14 0 0 0
66 42 0 94 48 113 90 88 92 0 82 58 12 67 8 36 89 12 40 0 21 0 54 4 116 62 56 0 0 102 30 0 10 0 0 0 40 41 0 0 63 0 64 51 0 0 30 0 54 34 0 0 0 88 0 0 86 16 12 0 54 0 0 65
4 0 0 0 0 0 0 8 35 0 0 18 0 6 0 5 5 0 4 4 0 0 0 0 0 8 0 0 32 35 0 0 0 0 0 0 0 3 0 0 2 7 9 4 6 0 17 9 14 0 0 1 2 0 0 35 38 28 28 9 0 0 28 36
56 0 0 0 0 14 0 0 0 0 49 58 21 0 0 0 0 0 0 6 0 27 0 18 110 0 0 0 21 0 0 0 0 0 0 0 0 0 0 0 3 21 0 0 0 0 0 0 0 0 0 0 3 28 0 0 28 28 0 0 0 0 0 18
0 40 0 0 45 36 8 3 0 5 81 3 64 0 24 54 27 0 0 27 12 0 81 0 0 0 0 0 0 15 0 16 12 0 12 0 3 0 0 0 0 51 0 45 0 16 45 0 0 0 0 0 0 0 6 0 42 0 0 0 8 64 12 12
0 45 0 0 0 10 9 3 0 43 0 0 72 2 30 0 8 0 0 21 0 0 0 0 0 10 0 0 0 28 6 73 0 0 0 0 24 0 0 0 15 54 0 0 6 18 0 16 0 0 0 0 0 21 5 0 0 30 0 0 9 72 0 10
48 16 60 0 20 15 0 40 56 0 0 8 0 0 40 20 56 8 63 0 30 0 1 44 18 0 107 0 32 30 0 0 0 0 72 0 30 75 0 9 0 8 45 0 0 0 72 0 5 56 25 3 0 0 10 21 24 0 40 117 0 0 20 5
42 0 0 0 0 0 0 8 0 0 0 8 0 0 0 14 72 42 0 72 32 0 0 0 25 0 0 45 0 40 0 0 32 0 0 0 0 7 0 0 25 8 56 0 0 0 0 14 0 30 0 0 25 0 0 0 42 21 0 0 0 0 32 0
71 20 0 0 24 72 28 0 8 3 56 68 56 0 0 0 12 0 0 0 0 0 0 0 109 0 0 81 0 0 0 4 20 0 0 72 16 10 0 0 45 48 0 0 64 23 0 0 56 54 0 0 45 56 0 0 50 32 0 0 12 32 15 53
18 0 10 48 28 0 72 106 62 10 0 96 0 0 0 0 63 0 53 0 0 24 0 3 0 85 0 0 0 46 0 0 42 28 0 0 0 12 0 0 40 0 0 20 0 0 0 0 28 21 0 0 0 82 0 12 12 12 0 88 0 45 0 74
36 0 0 0 15 35 0 20 0 45 0 0 0 0 0 0 42 0 0 0 0 0 5 6 0 0 0 0 0 0 0 72 0 0 0 45 27 69 0 45 0 40 0 0 40 0 0 0 60 42 0 15 0 10 0 0 0 0 0 0 5 0 20 45
58 0 0 56 18 42 0 48 0 56 0 0 0 0 0 45 63 0 52 0 0 42 0 0 0 25 0 15 6 0 0 35 27 0 0 78 0 45 0 0 0 0 8 34 102 0 0 0 76 48 42 7 0 32 0 8 72 20 0 18 6 0 0 24
0 0 0 0 0 0 0 27 0 0 0 89 0 0 0 0 0 0 0 0 0 0 0 0 7 0 0 0 0 21 0 0 30 20 0 0 0 14 35 0 0 0 0 0 0 0 0 0 63 0 0 49 0 0 0 0 0 0 0 0 49 0 0 0
32 0 0 0 24 56 0 0 0 0 0 77 0 0 0 0 0 0 14 8 0 57 0 18 84 4 0 82 57 20 0 0 0 0 0 72 0 0 0 0 85 21 32 14 72 0 0 92 105 36 0 32 33 16 12 27 24 4 14 0 24 0 14 68
42 0 0 0 0 0 0 0 40 3 0 3 0 0 2 34 0 49 0 0 0 0 0 0 5 0 35 0 0 40 0 0 0 0 0 0 30 32 5 0 0 0 56 0 0 0 23 14 0 0 0 0 0 0 0 40 82 53 6 0 0 4 0 0
42 0 0 0 4 18 12 0 0 0 0 0 0 0 0 14 0 42 0 25 0 0 0 0 30 12 0 0 0 12 0 0 0 0 0 0 0 7 0 0 2 0 68 0 0 0 0 14 0 0 0 0 0 21 0 0 42 21 0 0 12 0 0 2
54 0 12 0 61 21 0 36 21 12 0 0 0 0 0 18 0 60 0 12 42 0 0 0 61 0 0 14 17 64 0 0 0 0 0 0 0 9 0 0 6 0 84 0 0 12 9 28 0 0 35 16 0 0 20 6 54 29 9 0 8 54 0 0
48 32 0 0 20 15 40 9 0 0 0 9 56 0 0 54 81 0 10 81 66 0 0 0 5 10 0 18 5 75 0 42 64 56 0 0 0 9 0 0 0 9 9 8 21 49 0 0 24 0 25 0 24 8 10 69 24 8 0 0 0 0 36 0
57 0 30 34 0 0 0 24 0 31 0 0 0 0 0 0 41 0 36 25 0 56 0 4 0 14 0 0 98 0 6 0 0 0 0 12 0 16 48 0 0 24 20 0 0 15 0 0 0 52 0 0 0 0 0 4 54 7 73 0 0 0 64 84
6 0 6 56 12 0 0 74 63 6 0 0 0 21 0 2 49 6 65 0 9 0 0 0 0 37 24 0 0 48 0 0 0 0 0 0 0 1 0 0 27 0 8 33 0 0 0 2 0 0 0 0 0 87 0 0 20 27 0 0 0 27 0 49
0 0 0 0 35 28 0 18 0 18 63 0 0 12 0 42 66 0 6 0 0 12 63 0 0 0 0 0 0 18 36 0 0 0 0 0 0 9 0 0 0 0 9 39 0 0 35 0 4 0 12 2 0 0 0 21 38 0 0 0 0 0 0 0
0 4 0 8 39 130 59 64 0 0 0 0 0 42 0 15 87 0 45 0 0 48 6 0 54 54 0 0 57 54 0 0 4 7 0 63 0 75 0 90 0 97 117 20 71 0 9 0 95 0 48 33 9 14 0 6 0 0 16 126 93 0 48 67
0 0 0 48 0 35 0 0 0 15 0 69 0 30 10 0 8 35 12 0 0 0 0 0 0 35 0 0 0 0 48 0 0 0 0 0 0 15 25 0 6 35 41 12 21 0 35 56 42 0 0 5 0 0 0 0 0 0 30 45 0 20 0 0
12 0 42 0 0 0 45 54 0 0 0 12 0 0 0 0 0 0 69 0 0 0 0 54 0 35 0 0 15 0 0 0 18 0 0 0 0 30 0 0 0 0 20 0 36 0 0 0 0 0 0 0 0 0 0 0 48 0 0 139 0 0 0 20
0 0 0 83 34 24 0 30 28 49 30 0 0 48 0 12 0 8 0 15 24 0 18 54 0 0 6 0 0 54 0 0 0 0 0 15 0 0 0 0 0 0 16 10 0 16 30 0 0 30 0 0 0 17 0 5 4 0 12 0 0 0 0 0
0 12 0 25 17 25 0 36 1 0 8 15 7 56 30 0 0 6 0 0 14 45 0 54 45 33 54 0 116 0 0 0 9 0 0 0 0 0 0 81 0 35 0 9 15 56 54 40 0 0 0 43 61 66 0 0 0 0 36 3 72 0 66 30
0 30 0 0 30 24 6 18 0 43 54 0 104 12 0 72 48 0 0 0 0 0 54 0 9 0 63 0 0 18 36 46 28 0 0 0 69 45 0 0 0 36 0 30 21 61 30 0 0 0 0 0 0 0 0 0 12 0 0 0 6 48 0 0
54 0 0 0 15 12 28 9 0 3 55 66 0 0 38 64 0 61 0 0 0 0 27 0 16 0 49 0 0 37 0 0 0 0 0 0 42 62 50 56 6 0 72 15 0 7 22 18 81 18 0 63 0 0 2 0 60 39 42 28 63 46 0 4
131 4 0 0 0 0 5 8 0 9 0 45 0 0 0 17 90 36 10 0 0 0 0 7 0 0 0 0 0 0 0 0 18 7 0 0 0 64 0 0 5 72 80 10 49 45 3 84 35 49 0 0 5 0 0 6 162 18 0 0 0 0 45 63
24 0 0 2 0 0 0 32 0 0 0 0 0 0 74 32 0 24 10 6 0 0 7 0 6 10 42 0 9 45 0 0 1 0 10 0 36 97 0 72 27 56 32 9 0 0 0 8 35 0 0 21 0 14 14 0 44 74 4 0 8 0 34 63
8 4 0 0 0 0 5 24 0 9 0 9 0 0 6 24 15 21 0 0 0 0 0 0 0 0 0 3 0 0 0 7 0 7 0 0 0 0 15 0 0 0 0 0 15 0 30 0 4 0 0 0 9 0 0 6 0 0 18 0 0 12 0 0
0 0 0 48 30 16 0 36 57 14 12 6 0 48 0 0 0 12 21 0 32 18 9 66 22 0 6 0 23 97 0 0 0 0 0 0 0 81 0 81 0 86 36 0 0 24 32 0 45 0 8 55 2 2 0 15 15 12 18 27 0 0 36 57
0 0 28 72 9 0 0 116 102 0 0 24 0 0 6 0 63 6 81 4 0 0 0 36 0 17 0 0 32 59 0 0 12 8 0 0 0 0 0 0 3 0 12 0 0 12 9 0 0 0 0 0 0 81 1 0 18 6 37 36 0 0 28 101
76 10 16 0 2 0 0 0 54 0 0 39 0 0 25 16 0 53 0 0 0 18 0 0 4 2 45 0 0 0 0 0 12 0 36 0 48 38 0 0 27 0 80 0 4 0 45 52 0 0 0 0 0 4 0 9 60 24 20 6 0 0 10 0
38 0 35 42 27 0 0 45 63 12 0 25 0 14 8 10 34 76 54 0 6 27 0 51 9 0 16 0 7 0 42 0 12 0 0 0 0 25 20 0 18 7 90 12 24 36 55 10 6 0 18 3 1 0 0 0 62 15 51 45 0 16 0 6
0 7 0 0 14 21 6 4 5 27 0 27 0 45 18 0 0 65 0 0 0 0 0 0 5 5 0 0 0 0 0 0 0 0 0 27 0 21 45 0 0 49 35 0 24 0 63 0 30 0 0 7 0 16 0 0 7 0 54 78 3 36 0 12
39 10 15 2 54 42 2 4 0 0 54 0 16 0 0 44 0 24 42 9 52 0 54 0 14 0 0 35 40 117 0 2 1 0 0 0 0 4 24 9 0 12 41 31 0 4 30 33 0 0 46 96 0 0 27 15 54 17 16 0 30 16 6 0
8 0 35 0 0 0 0 45 0 8 0 10 0 0 0 0 32 0 45 23 0 64 0 45 0 4 0 0 64 0 0 0 0 0 0 0 0 0 0 0 0 64 0 0 0 40 0 0 0 0 0 0 0 21 0 0 48 8 14 45 0 0 54 74
0 0 0 24 2 0 36 88 0 0 36 27 0 8 0 35 35 0 33 0 22 0 0 9 9 0 0 0 72 72 0 0 8 0 0 0 0 0 0 144 3 0 0 14 35 9 21 0 21 0 18 63 14 0 0 0 0 0 32 36 64 54 48 0
0 0 7 0 0 30 0 49 0 0 0 2 0 0 16 25 25 0 9 0 0 0 0 9 0 30 0 0 0 0 0 0 0 0 0 0 0 9 0 0 0 0 9 0 43 0 15 48 0 12 0 0 10 0 0 21 24 0 24 9 0 0 0 0
26 7 0 8 0 0 6 12 9 6 0 0 0 3 54 0 31 2 5 0 0 0 0 0 5 1 0 0 0 51 0 0 0 0 0 0 0 0 0 0 27 48 20 0 5 30 0 45 9 0 0 0 0 9 9 0 60 54 0 0 0 0 30 67
0 0 4 0 23 35 0 36 0 4 0 48 0 0 24 0 0 0 0 0 0 0 0 0 0 0 0 0 0 4 0 0 36 24 0 45 0 0 0 0 0 0 0 0 40 0 0 0 35 18 0 0 0 10 0 0 0 0 36 0 5 18 0 20
16 0 0 0 7 0 36 0 39 15 36 87 0 96 10 0 0 35 0 0 18 72 0 48 72 7 48 28 76 20 0 0 16 0 0 0 64 73 25 72 54 119 51 18 0 9 35 20 0 0 0 41 8 14 12 26 16 4 30 138 16 74 0 48
18 0 0 0 0 0 0 0 0 0 0 0 0 0 0 0 21 0 0 0 0 0 0 3 0 0 0 0 0 0 0 0 0 0 0 0 0 24 0 0 0 0 12 0 0 0 0 0 0 21 0 0 0 0 0 28 32 0 0 0 0 0 0 0
36 0 42 0 0 0 0 54 0 0 0 12 0 0 0 12 0 36 54 24 0 0 0 54 0 0 0 0 0 0 0 0 0 0 0 0 0 6 0 0 0 0 48 0 0 0 0 12 0 0 0 0 0 24 0 0 36 18 0 54 0 0 0 0
0 0 32 0 0 0 0 48 56 0 0 60 8 7 0 30 30 0 14 0 3 72 0 48 80 0 8 0 62 0 0 0 4 0 72 0 0 0 0 0 13 56 8 11 33 7 18 0 28 0 0 0 20 0 0 0 0 0 40 18 0 0 0 48
12 0 56 42 0 0 0 72 0 0 0 16 0 0 36 0 7 0 72 15 0 0 0 72 0 0 0 0 0 0 42 0 18 0 0 0 0 30 0 0 0 0 14 0 36 0 0 0 0 27 0 0 0 15 0 0 48 0 54 72 0 0 0 0
0 16 0 0 0 49 0 0 0 21 18 0 0 0 78 0 0 8 0 6 0 0 0 0 35 37 81 63 48 15 0 0 0 0 10 0 0 0 0 0 44 0 0 0 15 0 84 40 0 42 0 0 35 3 8 0 20 18 42 0 0 0 58 70
0 28 12 10 31 0 35 83 7 39 0 28 16 18 6 0 72 0 0 18 0 96 0 48 72 7 0 0 101 44 54 0 13 49 0 0 0 0 0 45 39 56 0 5 6 14 0 0 0 0 0 0 29 32 1 54 0 6 20 21 40 54 30 50
3 0 0 0 0 0 0 50 0 3 0 14 0 0 0 30 42 0 0 0 0 0 0 0 47 0 0 88 5 11 0 0 0 0 0 0 0 7 10 0 45 24 3 0 30 15 18 5 18 54 0 22 57 0 3 10 26 1 0 0 18 0 15 21
18 0 21 2 0 0 0 27 0 0 0 15 2 16 0 24 21 0 27 0 4 54 0 30 6 2 42 0 0 0 0 0 0 0 0 0 36 42 0 0 81 0 0 0 0 0 0 0 0 21 0 10 0 0 0 27 0 0 0 27 0 0 0 0
0 0 0 40 34 56 0 4 0 0 0 28 0 143 4 0 0 0 10 0 41 0 0 45 4 10 56 0 0 57 0 0 0 0 2 72 0 35 20 0 63 63 45 29 64 0 0 0 92 0 0 37 0 24 1 0 4 8 0 81 36 0 0 34
