1026 1338 1149 1155 1197 1302 1194 1383 1230 1224 1334 1217 1150 1237 1257 1364 1103 1199 1185 1442 1270 1063 1346 1313 1277 1379 1321 1359 1154 1268 1299 1227 1214 1132 1240 1279 1306 1299 1411 1258 1515 1306 1242 1296 1144 1403 1167 1145 1187 1379 1296 1207 1442 1337 1002 1384 1387 1320 1260 1282 1593 1231 1219 1626
1090 1233 1299 1236 1162 1381 1042 1287 1244 1335 1293 1234 1151 1312 1289 1441 1160 1425 1125 1413 1144 1072 1363 1166 1221 1420 1355 1518 1152 1297 1451 1247 1286 1112 1264 1295 1310 1392 1502 1177 1579 1142 1199 1356 1229 1502 1419 1102 1045 1458 1398 1275 1282 1331 1027 1404 1412 1276 1278 1328 1474 1347 1158 1495
1254 1250 1387 1276 1102 1383 1240 1431 1227 1417 1480 1456 1317 1423 1310 1364 1197 1253 1274 1578 1288 1216 1551 1354 1285 1484 1505 1547 1287 1368 1444 1385 1437 1215 1401 1299 1481 1522 1384 1341 1480 1206 1328 1339 1145 1525 1311 1168 1134 1475 1355 1379 1370 1357 1116 1694 1388 1365 1463 1212 1540 1389 1394 1618
1377 1321 1316 1183 1123 1357 1247 1451 1376 1409 1449 1386 1482 1369 1458 1409 1091 1444 1284 1505 1318 1204 1645 1413 1397 1447 1317 1545 1227 1464 1320 1350 1411 1454 1394 1223 1536 1362 1561 1330 1516 1398 1410 1441 1279 1508 1219 1072 1169 1451 1356 1441 1414 1568 1158 1626 1425 1506 1404 1341 1474 1384 1427 1663
1336 1116 1319 1204 1204 1317 1167 1307 1278 1405 1341 1351 1327 1302 1320 1362 1030 1317 1118 1312 1339 1046 1374 1383 1334 1227 1320 1417 1194 1305 1341 1199 1351 1317 1318 1219 1352 1348 1456 1301 1524 1330 1130 1336 1223 1346 1421 1184 1104 1228 1357 1372 1221 1486 1137 1481 1446 1278 1413 1277 1406 1371 1260 1512
895 1125 967 980 1003 975 1089 1206 1002 1031 1134 1168 1008 901 1063 1156 1112 1006 898 1126 934 936 1204 1024 1103 1223 1222 1072 1015 1031 1046 1075 1106 905 894 1030 992 1179 1103 1018 1294 1045 1044 1178 974 1140 1093 869 922 1016 1093 1000 945 1171 990 1227 1007 1059 1043 892 1137 1020 972 1274
1320 1419 1244 1290 1192 1482 1283 1453 1400 1497 1478 1468 1309 1470 1665 1486 1208 1345 1310 1655 1283 1198 1637 1472 1393 1580 1505 1443 1306 1437 1469 1359 1597 1476 1450 1292 1531 1458 1456 1358 1615 1318 1341 1377 1343 1543 1394 1244 1325 1576 1328 1288 1461 1595 1034 1604 1526 1456 1479 1354 1699 1431 1426 1831
1472 1358 1372 1481 1207 1451 1483 1643 1345 1591 1443 1559 1419 1529 1500 1481 1258 1529 1312 1673 1448 1180 1747 1569 1538 1618 1460 1611 1261 1484 1440 1366 1462 1517 1489 1322 1558 1647 1590 1521 1612 1459 1542 1491 1391 1649 1394 1232 1321 1587 1507 1564 1527 1661 1232 1620 1446 1552 1520 1477 1722 1462 1471 1787
1200 1269 1319 1331 1221 1310 1237 1416 1299 1328 1381 1460 1275 1362 1315 1436 1313 1358 1126 1532 1306 947 1537 1299 1420 1362 1433 1478 1166 1408 1431 1352 1342 1300 1394 1148 1526 1426 1526 1353 1654 1296 1307 1478 1262 1497 1374 1232 1304 1426 1514 1362 1391 1558 1211 1601 1539 1378 1357 1339 1586 1315 1279 1627
1148 1362 1232 1344 1184 1406 1163 1488 1085 1254 1342 1300 1184 1279 1301 1597 1192 1187 1320 1517 1278 1150 1511 1218 1294 1497 1392 1588 1157 1429 1501 1245 1262 1293 1429 1127 1402 1368 1524 1438 1453 1336 1386 1438 1197 1322 1332 1310 1164 1478 1366 1379 1213 1492 1073 1495 1440 1329 1299 1352 1579 1289 1340 1497
1259 1424 1260 1224 1135 1337 1175 1418 1252 1420 1371 1356 1357 1414 1425 1361 1104 1353 1142 1539 1306 1049 1531 1292 1257 1492 1297 1400 1245 1404 1352 1204 1365 1243 1296 1252 1455 1329 1398 1318 1493 1367 1304 1282 1245 1476 1352 1108 1147 1468 1273 1332 1192 1458 1025 1505 1323 1433 1356 1291 1509 1355 1295 1666
1301 1299 1316 1133 1104 1243 1349 1316 1112 1387 1388 1304 1249 1245 1295 1427 1130 1330 1111 1451 1363 1086 1371 1355 1438 1404 1271 1289 1218 1326 1265 1241 1447 1252 1324 1301 1387 1458 1456 1335 1330 1328 1213 1259 1216 1489 1284 1039 1159 1422 1372 1307 1263 1348 1026 1492 1324 1212 1390 1272 1498 1230 1343 1576
1160 1257 1143 1187 1170 1252 1114 1312 1209 1336 1196 1266 1154 1264 1280 1451 997 1146 1089 1334 1221 1035 1444 1121 1115 1379 1273 1395 1159 1246 1299 1113 1241 1292 1197 1138 1247 1196 1430 1237 1410 1235 1222 1219 1109 1323 1305 992 1048 1308 1278 1351 1052 1287 1088 1399 1348 1218 1349 1187 1300 1227 1137 1410
1185 1372 1238 1270 1048 1392 1205 1391 1276 1457 1489 1425 1223 1383 1301 1391 1224 1350 1211 1561 1164 1194 1465 1369 1284 1435 1339 1520 1256 1411 1370 1327 1543 1333 1509 1370 1438 1399 1522 1365 1527 1330 1295 1385 1325 1505 1516 1064 1192 1453 1415 1305 1330 1515 1044 1532 1336 1302 1370 1297 1498 1300 1433 1722
1220 1373 1403 1247 1222 1404 1255 1362 1380 1298 1447 1401 1276 1354 1363 1421 1175 1419 1159 1413 1351 1233 1456 1447 1401 1336 1392 1486 1168 1313 1435 1293 1533 1327 1450 1348 1530 1516 1536 1609 1527 1259 1277 1455 1340 1501 1384 1056 1293 1347 1409 1361 1305 1437 1019 1607 1348 1313 1422 1416 1468 1471 1284 1694
1167 1196 1296 1122 1050 1357 1082 1302 1052 1349 1225 1246 1228 1210 1138 1243 1088 1195 1087 1299 1117 1056 1330 1090 1160 1280 1284 1314 1036 1168 1183 1222 1212 1058 1137 1195 1353 1263 1525 1195 1338 1121 1159 1247 1082 1371 1241 986 1104 1354 1190 1259 1174 1310 1081 1319 1302 1208 1235 1174 1451 1304 1145 1445
1250 1335 1097 1259 1216 1211 1089 1472 1184 1303 1371 1311 1232 1288 1412 1476 1102 1376 1204 1541 1284 1154 1470 1425 1191 1296 1430 1453 1101 1281 1366 1208 1486 1360 1329 1334 1415 1311 1473 1263 1587 1353 1369 1513 1214 1426 1394 1210 1122 1456 1353 1274 1273 1383 972 1660 1512 1303 1271 1303 1493 1389 1262 1537
1109 1289 1188 1167 1025 1215 1158 1305 1040 1178 1340 1292 1189 1197 1212 1289 1170 1394 1103 1423 1272 1069 1325 1265 1254 1442 1227 1436 1098 1329 1394 1163 1343 1150 1346 1201 1410 1318 1325 1274 1401 1169 1243 1364 1231 1420 1397 1183 1101 1422 1406 1318 1248 1470 1086 1381 1253 1315 1219 1324 1496 1190 1242 1461
1381 1378 1382 1243 1268 1376 1261 1361 1348 1407 1393 1354 1297 1368 1437 1580 1203 1243 1274 1592 1450 1157 1485 1381 1401 1573 1365 1617 1327 1452 1437 1151 1478 1225 1418 1302 1369 1387 1447 1255 1549 1383 1269 1444 1138 1453 1493 1237 1062 1578 1378 1392 1447 1543 1095 1595 1558 1313 1436 1400 1551 1411 1342 1785
1116 1056 1073 1110 1068 1076 1059 1141 1107 1113 1112 1219 1106 1209 1093 1004 936 1198 902 1234 1107 932 1248 1190 1182 1112 1132 1311 950 1091 1068 1080 1170 1363 1277 1004 1233 1161 1276 1164 1279 1153 1135 1160 1117 1186 1216 947 856 1196 1191 1048 1104 1274 984 1282 1116 1253 1080 1168 1218 1218 1009 1259
1298 1388 1243 1177 1197 1365 1211 1280 1192 1347 1212 1310 1222 1257 1315 1371 1129 1206 1215 1484 1253 1039 1488 1283 1288 1345 1331 1556 1132 1226 1413 1179 1329 1379 1342 1290 1388 1278 1384 1182 1501 1286 1308 1311 1069 1365 1290 1089 1066 1335 1446 1341 1085 1411 1057 1577 1329 1285 1375 1023 1451 1413 1294 1476
1195 1232 1266 1132 1057 1296 1086 1266 1143 1283 1193 1245 1230 1232 1233 1412 1079 1103 1207 1367 1209 956 1430 1318 1345 1339 1238 1287 1220 1314 1358 1308 1277 1170 1200 1059 1298 1337 1380 1326 1345 1285 1228 1145 1212 1254 1212 1078 1099 1369 1270 1214 1153 1421 994 1446 1261 1161 1294 1195 1384 1248 1300 1451
1169 1202 1098 1197 1126 1119 1198 1423 1147 1377 1443 1410 1219 1406 1272 1293 1064 1354 1063 1563 1155 1054 1324 1389 1176 1303 1224 1357 1148 1333 1116 1173 1360 1257 1265 1239 1223 1218 1351 1266 1314 1299 1238 1299 1089 1351 1380 1060 1058 1329 1352 1319 1205 1427 1043 1484 1302 1325 1149 1250 1343 1252 1189 1541
1161 1389 1347 1289 1064 1412 1207 1316 1321 1364 1468 1370 1127 1485 1349 1511 1118 1345 1134 1419 1322 1086 1519 1381 1325 1380 1343 1351 1261 1375 1406 1401 1390 1274 1446 1224 1385 1467 1523 1342 1504 1311 1168 1309 1320 1474 1415 1138 1212 1372 1293 1245 1303 1430 1057 1502 1403 1268 1277 1299 1418 1262 1324 1598
1257 1389 1324 1220 1124 1423 1256 1246 1276 1327 1391 1436 1254 1403 1178 1384 978 1438 1105 1473 1287 1115 1494 1322 1261 1360 1306 1349 1140 1308 1351 1401 1447 1279 1351 1322 1494 1424 1572 1404 1392 1206 1311 1319 1317 1547 1353 1042 1188 1510 1321 1481 1285 1438 1169 1544 1307 1306 1392 1211 1436 1211 1261 1567
1206 1422 1236 1301 1142 1313 1044 1370 1268 1392 1371 1320 1291 1330 1379 1475 1165 1255 1291 1439 1316 1198 1469 1293 1332 1444 1317 1462 1188 1373 1285 1242 1438 1303 1327 1198 1414 1196 1519 1355 1416 1421 1298 1461 1169 1343 1326 1122 1171 1423 1218 1266 1235 1519 1106 1578 1413 1301 1365 1264 1500 1335 1323 1650
1154 1233 1114 1030 1066 1281 1080 1243 1044 1285 1243 1237 1147 1194 1153 1327 964 1209 1058 1289 1180 956 1259 1187 1183 1250 1218 1292 1199 1233 1173 1100 1275 1008 1255 1166 1360 1258 1355 1159 1382 1133 1094 1173 1150 1417 1283 1016 1149 1291 1235 1349 1048 1225 982 1351 1263 1140 1286 1223 1372 1148 1065 1346
1379 1601 1488 1416 1350 1496 1378 1575 1578 1687 1721 1688 1486 1668 1621 1672 1370 1615 1444 1654 1470 1248 1826 1540 1436 1766 1550 1694 1430 1608 1546 1467 1682 1559 1685 1508 1646 1632 1725 1591 1759 1533 1565 1700 1409 1796 1681 1289 1297 1611 1654 1563 1523 1660 1252 1918 1720 1636 1489 1553 1604 1507 1474 1852
1002 1212 1021 1094 1012 1178 996 1119 1054 1179 1101 1133 1077 1163 1044 1071 927 1210 970 1298 1049 813 1265 1148 1259 1250 1016 1106 920 1136 1164 997 1133 1126 1148 1191 1303 1141 1297 1144 1235 984 1030 1136 1136 1320 1181 884 1018 1180 1158 1145 1084 1243 924 1192 1109 1092 1179 1145 1229 1119 1051 1330
1329 1377 1144 1325 1253 1309 1226 1507 1207 1421 1286 1316 1374 1345 1380 1504 1063 1377 1198 1485 1300 1098 1533 1233 1316 1381 1293 1384 1153 1399 1369 1188 1338 1278 1258 1212 1405 1332 1450 1284 1478 1292 1392 1370 1303 1435 1394 1193 1107 1514 1370 1521 1266 1432 1030 1485 1400 1421 1366 1485 1448 1234 1213 1548
1696 1584 1592 1578 1496 1811 1534 1785 1556 1692 1702 1820 1607 1663 1634 1767 1311 1651 1488 1790 1595 1466 1787 1578 1597 1804 1705 1830 1592 1642 1661 1564 1715 1610 1621 1508 1846 1671 1811 1675 1891 1543 1686 1754 1508 1786 1600 1499 1371 1813 1540 1723 1709 1793 1399 1865 1743 1783 1757 1601 1908 1644 1643 2022
1353 1306 1267 1286 1228 1393 1250 1544 1225 1387 1493 1464 1492 1264 1400 1373 1243 1464 1225 1552 1281 1190 1644 1345 1313 1555 1512 1518 1272 1442 1406 1284 1445 1330 1417 1271 1609 1472 1502 1316 1618 1469 1339 1430 1244 1592 1510 1226 1249 1484 1498 1475 1366 1582 1208 1765 1505 1502 1424 1325 1560 1231 1326 1649
1291 1654 1392 1503 1324 1533 1373 1591 1468 1615 1628 1479 1468 1545 1577 1648 1329 1461 1269 1634 1436 1344 1697 1467 1512 1644 1655 1621 1430 1563 1560 1425 1547 1304 1535 1367 1556 1590 1573 1391 1853 1313 1394 1475 1446 1795 1531 1279 1284 1689 1508 1518 1594 1611 1166 1657 1651 1502 1476 1468 1730 1467 1445 1877
1164 1281 1192 1229 1197 1315 1168 1392 1154 1377 1325 1318 1191 1343 1289 1302 993 1269 1013 1538 1122 993 1374 1269 1217 1334 1329 1398 1214 1359 1384 1276 1273 1126 1317 1101 1253 1340 1380 1207 1485 1155 1154 1219 1162 1437 1317 1157 1106 1560 1329 1224 1154 1338 1037 1369 1248 1328 1307 1129 1494 1314 1237 1476
1226 1388 1245 1174 1115 1264 1092 1374 1305 1408 1382 1283 1286 1408 1215 1353 1034 1257 1090 1420 1180 1138 1424 1355 1178 1180 1337 1413 1155 1324 1237 1239 1355 1292 1348 1352 1336 1208 1443 1223 1478 1371 1242 1374 1138 1336 1298 1034 1026 1359 1274 1275 1361 1358 1030 1486 1358 1307 1229 1360 1332 1367 1355 1622
1370 1518 1430 1187 1230 1455 1294 1355 1347 1484 1407 1475 1426 1413 1482 1486 1190 1239 1322 1644 1387 1124 1613 1319 1433 1509 1390 1451 1370 1487 1526 1419 1531 1414 1446 1245 1596 1415 1621 1410 1520 1416 1355 1454 1380 1554 1405 1221 1340 1555 1434 1269 1394 1672 1036 1583 1498 1530 1547 1476 1620 1514 1475 1731
1134 1072 1165 1081 999 1075 997 1181 1124 1085 1209 1162 1169 1123 1269 1128 1039 1123 923 1215 1059 940 1348 1047 1039 1171 1150 1314 1023 1106 1273 1118 1131 1161 1060 1033 1251 1172 1196 964 1353 1126 1113 1219 1136 1193 1243 900 822 1282 1171 1052 1111 1251 928 1353 1180 1198 1135 1020 1176 1204 1095 1325
1500 1565 1307 1341 1221 1375 1336 1466 1276 1515 1568 1546 1483 1427 1396 1379 1166 1435 1227 1725 1363 1256 1751 1451 1317 1591 1436 1439 1332 1424 1431 1217 1588 1374 1498 1413 1744 1475 1514 1396 1545 1527 1453 1529 1392 1682 1450 1170 1228 1613 1463 1451 1423 1617 1152 1721 1552 1503 1440 1403 1478 1370 1454 1876
1229 1218 1165 1130 1089 1239 1070 1291 1187 1364 1318 1266 1231 1291 1382 1226 1063 1334 1002 1388 1127 1103 1319 1303 1125 1255 1369 1360 1148 1280 1132 1214 1418 1279 1292 1148 1315 1180 1399 1114 1384 1220 1123 1273 1076 1322 1391 1042 971 1368 1275 1170 1177 1383 1008 1422 1345 1287 1277 1076 1383 1278 1189 1529
1278 1452 1271 1342 1206 1416 1244 1395 1259 1381 1478 1335 1382 1326 1346 1440 1169 1380 1281 1440 1322 1248 1520 1276 1448 1461 1324 1544 1172 1458 1468 1353 1356 1246 1336 1310 1466 1362 1375 1138 1547 1469 1277 1425 1299 1579 1377 1096 1128 1424 1400 1319 1380 1521 1135 1531 1394 1447 1270 1431 1459 1368 1252 1591
1318 1277 1354 1305 1167 1384 1185 1515 1301 1482 1451 1352 1366 1370 1381 1508 1298 1195 1248 1551 1279 1167 1527 1363 1361 1590 1469 1550 1371 1454 1538 1267 1444 1369 1433 1258 1480 1556 1502 1369 1559 1422 1258 1449 1233 1506 1490 1215 1210 1614 1366 1381 1329 1511 1116 1647 1483 1312 1562 1234 1603 1402 1410 1702
1290 1438 1257 1226 1253 1262 1158 1566 1259 1394 1377 1327 1423 1414 1291 1366 1101 1235 1191 1418 1267 1155 1384 1363 1309 1308 1401 1464 1302 1462 1229 1271 1276 1306 1290 1252 1395 1216 1549 1311 1515 1327 1248 1306 1141 1384 1339 1109 1135 1386 1285 1363 1276 1379 1108 1523 1262 1415 1313 1293 1397 1390 1216 1612
1130 1157 1122 1006 1162 1033 990 1327 1058 1294 1097 1211 1130 1078 1157 1227 1103 986 1038 1292 1074 787 1328 1102 1092 1217 1239 1226 1136 1203 1312 1114 1254 1020 1164 1080 1219 1189 1279 1090 1315 1130 1117 1325 1043 1233 1255 1061 1023 1339 1391 1039 1073 1218 975 1357 1260 1098 1260 1177 1272 1204 1184 1380
1240 1167 1143 1121 1113 1285 968 1233 1089 1245 1158 1102 1135 1203 1249 1367 970 1153 1120 1381 1141 964 1262 1206 1237 1275 1227 1409 1109 1264 1256 1061 1234 1141 1300 1130 1276 1249 1372 1141 1330 1296 1095 1184 1087 1263 1118 1141 1016 1358 1216 1181 1134 1413 927 1359 1235 1155 1250 1208 1334 1204 1180 1457
1428 1595 1468 1421 1269 1428 1448 1565 1492 1651 1703 1588 1520 1575 1586 1586 1286 1528 1337 1668 1525 1276 1703 1595 1526 1490 1646 1617 1448 1568 1579 1469 1640 1445 1622 1503 1652 1574 1544 1329 1742 1520 1350 1528 1363 1600 1598 1261 1351 1526 1517 1592 1483 1490 1269 1843 1589 1474 1443 1405 1572 1521 1410 1775
1295 1375 1213 1248 1251 1288 1138 1307 1186 1440 1212 1282 1319 1290 1286 1326 1020 1226 1087 1551 1302 991 1382 1308 1315 1374 1317 1497 1138 1228 1329 1040 1435 1402 1470 1206 1506 1230 1523 1310 1512 1170 1330 1389 1158 1424 1415 1184 1046 1468 1395 1241 1240 1430 1062 1514 1454 1320 1353 1318 1480 1393 1251 1532
1077 1037 1161 1106 843 1148 1049 1130 1059 1151 1192 1122 1155 1107 1154 1100 969 1111 993 1286 1051 1028 1304 1067 1099 1197 1098 1303 1035 1107 1184 1051 1111 1060 1133 946 1191 1192 1223 1020 1222 1103 1045 1115 951 1209 1156 843 934 1283 1106 1084 1083 1240 803 1263 1105 1120 1170 1046 1215 1223 1112 1265
1036 1201 1070 1089 921 1216 1012 1233 1173 1178 1167 1223 1080 1161 1205 1302 1067 1025 967 1296 956 945 1220 1009 1158 1172 1129 1300 1060 1155 1154 1092 1216 1126 1113 996 1224 1140 1286 1094 1364 1062 1066 1248 1061 1225 1168 981 1073 1206 1059 1062 1198 1309 832 1249 1167 1121 1136 1120 1337 1172 1084 1467
1332 1528 1394 1531 1332 1574 1340 1594 1402 1577 1573 1583 1442 1661 1441 1491 1172 1480 1389 1723 1512 1273 1664 1438 1376 1660 1525 1667 1288 1588 1609 1466 1500 1504 1637 1550 1607 1525 1589 1435 1607 1433 1442 1517 1312 1679 1597 1263 1198 1651 1547 1439 1573 1556 1236 1692 1481 1512 1568 1475 1559 1468 1463 1801
1456 1401 1374 1267 1198 1464 1341 1501 1370 1456 1397 1462 1423 1327 1533 1523 1298 1353 1281 1396 1333 1189 1624 1429 1462 1504 1421 1560 1320 1389 1513 1321 1492 1392 1356 1287 1499 1527 1497 1443 1586 1391 1441 1516 1305 1474 1388 1224 1137 1445 1428 1367 1298 1522 1107 1685 1456 1393 1392 1335 1592 1525 1478 1669
1234 1392 1266 1217 1132 1314 1191 1345 1095 1406 1313 1250 1229 1274 1359 1546 1132 1213 1194 1475 1212 1200 1444 1206 1310 1421 1294 1421 1191 1269 1305 1249 1399 1250 1264 1250 1259 1282 1394 1199 1416 1345 1231 1323 1169 1432 1248 1036 1106 1309 1233 1228 1231 1502 1010 1508 1314 1295 1320 1227 1406 1303 1328 1568
1340 1427 1236 1202 1330 1336 1294 1518 1314 1422 1332 1423 1466 1334 1391 1336 1211 1397 1311 1485 1336 1093 1558 1433 1450 1414 1459 1516 1202 1452 1408 1413 1486 1387 1421 1310 1533 1387 1486 1315 1648 1371 1454 1465 1256 1529 1406 1208 1215 1526 1483 1398 1397 1446 1159 1744 1424 1488 1365 1359 1623 1393 1268 1556
1171 1146 1202 1253 1023 1232 1243 1366 1244 1325 1422 1439 1253 1179 1280 1285 1177 1315 1043 1415 1216 1093 1403 1123 1242 1379 1308 1322 1083 1375 1301 1172 1310 1204 1250 1108 1339 1368 1280 1208 1416 1326 1181 1264 1205 1332 1314 1020 1085 1353 1319 1347 1315 1394 1123 1404 1333 1285 1259 1190 1307 1179 1267 1665
1431 1351 1267 1279 1188 1361 1238 1469 1285 1428 1372 1439 1362 1395 1262 1347 1092 1213 1203 1542 1193 1165 1596 1451 1297 1298 1391 1399 1291 1322 1305 1250 1447 1342 1385 1262 1406 1361 1545 1320 1632 1345 1323 1357 1217 1349 1379 1229 1194 1462 1284 1401 1438 1600 1051 1512 1514 1392 1415 1388 1446 1355 1381 1734
1270 1202 1185 1037 1006 1197 1108 1238 1124 1336 1113 1268 1126 1226 1265 1263 1035 1111 1087 1282 1191 890 1354 1373 1227 1288 1162 1365 1247 1110 1224 1044 1295 1252 1252 1168 1310 1295 1397 1233 1478 1058 1186 1269 1048 1320 1332 1053 963 1242 1242 1205 1114 1201 887 1463 1315 1162 1319 1061 1392 1334 1255 1386
1233 1249 1132 1191 1019 1257 1273 1205 1247 1194 1279 1406 1198 1296 1220 1227 1046 1177 1066 1401 1240 957 1494 1290 1297 1218 1248 1229 1152 1238 1362 1220 1281 1165 1220 1213 1489 1375 1298 1244 1393 1246 1173 1307 1231 1353 1294 1084 1207 1285 1198 1307 1302 1308 987 1532 1331 1214 1237 1208 1377 1131 1117 1504
1246 1432 1400 1314 1212 1379 1273 1458 1257 1435 1467 1528 1318 1484 1304 1368 1194 1251 1255 1591 1322 1003 1624 1420 1442 1508 1324 1514 1214 1338 1451 1374 1372 1343 1415 1284 1436 1514 1608 1523 1504 1263 1416 1404 1327 1510 1465 1141 1146 1496 1399 1229 1315 1511 1118 1637 1268 1407 1312 1354 1577 1450 1360 1677
1236 1277 1185 1197 1128 1181 1207 1348 1075 1246 1391 1348 1288 1312 1246 1191 1089 1272 989 1512 1268 1066 1332 1231 1158 1272 1279 1372 1188 1330 1215 1172 1381 1079 1394 1158 1524 1249 1322 1197 1480 1195 1120 1353 1106 1585 1420 1094 1182 1397 1327 1255 1274 1397 1023 1548 1292 1355 1249 1272 1460 1141 1206 1616
1263 1249 1151 1171 1165 1171 1105 1397 1134 1277 1273 1177 1198 1350 1188 1263 968 1157 1073 1453 1258 1050 1294 1385 1317 1271 1079 1492 1147 1276 1335 1103 1322 1331 1313 1290 1334 1241 1325 1219 1313 1252 1175 1355 1092 1366 1321 994 974 1254 1380 1122 1190 1335 875 1461 1174 1248 1325 1227 1319 1358 1238 1557
1343 1283 1248 1261 1163 1402 1191 1284 1300 1315 1300 1352 1190 1455 1333 1442 1015 1333 1199 1444 1303 1033 1631 1469 1285 1405 1358 1425 1179 1278 1312 1244 1391 1468 1442 1162 1460 1386 1461 1348 1498 1336 1333 1262 1238 1408 1328 1206 1130 1431 1318 1413 1261 1511 1140 1512 1421 1316 1341 1317 1445 1267 1264 1556
1370 1501 1433 1333 1286 1509 1359 1662 1344 1535 1535 1511 1480 1430 1590 1576 1376 1467 1276 1639 1332 1190 1697 1513 1572 1618 1576 1617 1425 1619 1525 1475 1468 1376 1441 1308 1577 1641 1712 1489 1795 1527 1397 1447 1416 1617 1497 1249 1387 1636 1521 1515 1399 1641 1251 1711 1534 1543 1633 1396 1696 1467 1495 1746
1355 1313 1360 1344 1149 1324 1263 1260 1167 1447 1459 1483 1240 1488 1249 1411 1006 1488 1203 1573 1412 1155 1585 1428 1241 1446 1202 1444 1074 1356 1377 1276 1514 1371 1468 1347 1486 1409 1489 1407 1329 1304 1315 1363 1177 1557 1476 1078 1093 1510 1489 1502 1242 1501 1180 1614 1419 1320 1291 1266 1343 1297 1342 1564
1356 1255 1219 1185 1216 1388 1164 1269 1266 1419 1305 1387 1273 1339 1349 1389 1048 1193 1164 1482 1286 930 1392 1233 1395 1395 1263 1416 1202 1353 1415 1105 1325 1183 1311 1275 1444 1383 1361 1253 1457 1259 1208 1259 1239 1453 1370 1121 1069 1391 1404 1285 1188 1431 949 1538 1360 1242 1318 1347 1451 1362 1230 1686
1197 1295 1361 1194 1000 1333 1172 1248 1280 1323 1494 1357 1365 1272 1331 1340 1162 1242 1054 1465 1212 1200 1414 1280 1236 1223 1330 1423 1144 1358 1389 1329 1439 1125 1355 1103 1338 1307 1402 1235 1448 1391 1037 1328 1237 1337 1379 1031 1255 1392 1316 1245 1267 1566 1018 1395 1305 1208 1219 1256 1353 1341 1216 1518
