340 399 326 390 324 386 414 371 373 301 429 367 361 259 317 272
239 294 326 274 327 313 343 285 297 225 343 225 302 255 261 224
358 366 280 299 326 342 410 341 354 245 393 313 322 297 254 205
115 197 194 246 168 214 266 169 207 170 208 141 235 175 122 147
264 389 329 415 337 398 475 327 375 292 463 361 431 295 305 262
160 310 246 340 227 317 324 267 288 256 335 198 323 255 192 220
227 306 272 269 257 296 220 274 271 228 347 212 275 215 212 190
315 395 316 396 297 350 438 344 395 263 430 336 396 244 299 295
280 374 358 382 285 383 394 329 362 299 397 345 404 260 315 264
265 350 229 281 218 282 283 241 317 174 375 234 269 231 165 190
220 267 228 254 227 270 331 279 253 196 305 256 287 233 205 166
336 404 308 340 272 310 379 335 385 237 432 320 375 273 271 245
274 338 263 264 223 318 341 267 342 230 386 322 334 240 290 222
347 471 398 423 367 461 417 363 393 310 484 305 380 334 326 268
165 293 258 345 264 322 386 265 277 265 319 255 299 206 251 227
324 401 291 329 270 308 398 313 429 277 446 354 400 289 291 264
