0 72 0 0 0 64 40 0 0 0 0 0 0 0 0 0
0 0 0 0 0 0 0 0 0 0 0 0 0 0 0 0
0 0 0 0 0 0 0 0 0 0 0 0 0 0 0 0
0 0 0 0 0 0 0 0 0 0 0 0 0 0 0 0
0 72 0 0 12 64 40 0 0 0 0 0 0 0 0 0
0 54 0 0 0 48 30 0 0 0 0 0 0 0 0 0
0 0 0 0 0 49 0 0 0 0 0 0 0 0 0 0
0 5 30 0 0 0 0 0 0 21 0 0 0 0 0 0
0 0 0 0 0 0 0 0 0 0 0 0 0 0 0 0
0 0 0 0 0 0 0 0 0 0 0 0 0 0 0 0
0 0 0 9 0 0 0 0 0 0 0 0 0 6 0 9
0 0 0 0 0 0 0 0 0 27 0 0 0 0 0 0
0 0 0 0 0 0 0 0 0 0 0 0 0 0 0 0
0 0 0 0 0 0 0 0 0 0 0 0 0 0 0 0
0 0 0 0 4 0 8 0 0 0 0 0 0 0 0 0
0 3 18 18 24 0 48 0 0 0 0 0 0 12 0 18
