442 348 354 287 282 313 327 302 414 378 390 314 375 384 322 246
353 282 328 209 222 287 229 270 351 333 339 277 437 375 319 286
453 418 433 295 263 381 297 362 466 352 504 292 492 412 351 323
388 341 320 267 285 300 283 317 380 411 381 337 375 350 290 302
394 392 365 242 242 292 285 333 411 360 392 321 400 374 288 297
341 379 334 244 171 276 241 382 396 338 340 313 351 334 330 252
402 340 356 264 254 339 283 314 439 392 362 290 432 389 434 221
343 209 329 205 285 225 283 270 335 304 369 277 377 318 285 211
392 362 313 276 279 262 294 359 388 358 397 313 372 371 312 265
298 297 326 199 242 281 251 307 354 373 394 271 316 277 272 215
422 398 396 339 334 338 334 400 460 470 466 349 437 405 380 264
363 259 307 207 226 268 283 247 355 331 309 272 328 318 345 194
439 415 460 244 303 372 351 356 468 393 456 319 448 415 355 302
333 290 328 211 183 281 226 288 341 338 362 270 337 310 355 205
484 328 405 313 290 239 360 379 400 342 411 373 456 439 349 292
333 338 255 188 241 298 238 263 348 341 266 243 307 320 277 243
