86 0 0 6 0 2 14 1 0 9 1 72 24 0 54 0 0 0 84 0 45 54 20 16 0 9 0 0 7 1 0 8 20 28 8 0 0 0 0 0 55 0 20 0 11 2 47 0 48 66 43 12 40 30 0 40 43 0 54 40 80 54 0 30
0 67 0 0 0 0 0 24 0 72 0 0 0 0 0 0 0 0 0 8 0 0 24 0 0 2 0 81 0 0 0 0 28 0 0 0 1 1 4 72 72 7 28 0 0 1 7 3 0 0 2 56 88 32 0 0 0 0 0 56 56 0 0 42
0 0 0 0 12 0 0 0 0 0 10 0 14 0 72 14 0 0 0 0 30 10 14 8 0 0 8 0 0 0 0 0 3 0 0 0 0 0 0 0 0 0 0 0 72 0 0 0 0 0 64 0 48 18 0 24 3 2 0 0 24 0 72 0
0 126 0 4 36 0 0 0 0 116 0 0 63 45 12 39 60 0 9 81 0 0 27 0 0 36 0 121 0 4 50 0 0 0 36 0 0 0 0 32 81 20 117 0 0 0 0 0 0 0 0 0 36 36 0 6 0 66 16 0 32 0 0 0
0 91 0 0 0 51 40 8 20 117 0 0 46 0 0 25 16 12 25 15 0 0 21 0 0 0 5 63 0 5 15 16 0 64 55 0 18 0 6 0 71 36 39 0 40 0 26 57 31 45 16 0 28 28 54 0 10 25 0 0 15 0 3 20
32 69 56 2 18 20 0 0 0 18 36 0 63 48 10 75 96 0 40 10 0 0 6 64 24 0 0 18 8 7 37 0 0 0 70 64 30 16 24 76 18 10 42 0 0 48 4 0 28 0 0 0 8 24 0 0 20 35 28 24 166 0 5 76
21 14 0 0 0 48 0 0 0 114 0 0 62 0 27 10 0 0 0 0 63 0 3 40 0 24 3 48 0 0 6 39 0 32 36 24 0 0 0 0 0 48 12 0 27 0 0 16 21 49 24 9 18 42 72 62 7 86 0 21 56 56 27 6
48 56 16 0 0 0 0 0 56 64 40 64 56 0 35 56 0 63 72 0 81 40 96 64 16 0 0 0 0 0 0 0 0 40 0 0 0 0 14 8 72 0 0 0 0 0 64 0 0 48 0 0 0 54 0 72 9 8 0 16 72 0 0 0
0 0 0 6 54 20 0 0 36 54 6 36 30 12 6 0 18 0 32 36 45 24 0 0 0 54 0 0 6 6 16 0 9 0 0 0 0 24 0 0 0 64 0 4 4 28 52 32 20 0 66 24 4 24 8 32 24 0 16 0 32 4 0 0
0 0 0 0 0 33 0 0 54 0 0 20 0 18 9 0 0 0 0 18 0 25 25 0 25 59 1 0 28 0 70 0 0 21 0 0 0 0 0 0 30 12 0 6 9 59 0 16 6 0 8 36 8 0 21 0 3 0 24 2 14 0 9 14
0 24 0 0 0 10 40 0 0 0 0 0 0 0 15 0 0 27 0 0 72 0 0 0 0 0 5 0 0 5 0 0 0 0 0 0 0 0 6 0 0 0 0 0 0 0 25 45 0 45 0 0 0 48 0 64 13 0 0 0 64 0 0 20
12 0 0 36 0 45 53 0 0 36 0 0 75 0 45 0 30 18 0 0 0 27 0 30 0 0 31 0 9 4 0 24 8 24 83 0 0 0 12 24 0 24 32 81 0 0 72 44 14 36 0 18 16 0 36 0 26 30 0 16 52 0 0 28
9 0 0 9 0 10 0 3 0 0 0 81 12 0 0 42 0 0 72 0 0 54 28 0 7 25 0 0 0 0 0 45 0 0 14 0 0 27 12 9 0 30 0 0 9 0 11 40 83 21 54 42 5 0 0 0 55 0 0 5 53 33 21 28
11 1 21 0 0 0 0 0 0 0 28 0 14 18 1 14 13 0 0 2 0 10 16 8 6 17 0 1 3 0 0 0 0 0 9 40 0 4 2 5 0 0 0 0 0 24 2 0 0 0 1 6 0 4 0 4 0 2 0 20 0 0 9 31
0 0 0 0 0 0 0 0 0 0 0 0 0 0 18 0 0 0 0 0 0 0 0 0 0 0 2 0 0 0 0 0 0 0 0 0 0 0 0 0 0 0 0 0 18 0 0 0 0 0 16 0 12 0 0 0 0 0 0 0 0 0 18 0
71 7 0 0 4 2 18 23 0 0 98 5 49 30 7 49 7 0 0 14 1 35 49 28 42 35 19 0 20 1 45 16 1 79 0 0 0 35 28 80 8 49 0 0 70 7 35 25 0 19 8 35 6 40 45 0 1 7 0 62 0 25 0 87
0 6 0 0 0 0 0 0 0 0 5 3 16 0 81 0 6 0 2 16 0 0 0 35 8 6 9 0 0 0 0 28 12 37 0 0 0 0 0 0 2 0 30 0 81 0 3 0 0 0 72 0 78 0 0 3 0 38 0 24 24 0 81 18
72 21 4 8 72 32 0 0 50 34 81 16 10 12 33 0 81 0 5 70 0 0 4 0 58 40 0 36 0 0 64 0 0 0 6 32 4 36 0 47 0 61 45 4 0 16 2 16 0 0 8 36 0 36 26 8 0 0 16 86 0 0 0 89
0 0 0 0 0 49 0 0 35 63 0 0 0 21 0 72 28 21 32 42 0 0 0 32 0 0 0 35 0 0 0 0 0 0 85 0 24 105 0 0 0 42 0 0 0 0 0 86 42 0 28 14 7 0 63 0 86 24 56 0 8 0 4 0
0 0 0 0 0 24 0 0 0 0 0 0 0 0 0 6 0 0 0 0 0 0 4 0 1 0 0 0 0 0 56 6 0 0 0 0 0 0 0 0 0 0 0 0 0 0 0 0 0 0 0 5 0 0 72 0 24 0 0 0 0 0 3 4
12 0 0 0 0 16 99 0 0 0 0 0 0 0 0 0 0 0 18 0 0 0 10 8 0 0 8 0 0 8 0 0 24 10 0 0 0 0 0 0 18 0 24 0 0 0 60 128 0 84 0 0 69 42 0 0 8 0 0 55 48 0 0 68
0 0 0 0 0 0 0 0 0 0 0 0 0 0 0 63 0 0 40 0 0 0 0 28 0 0 0 0 0 0 0 0 16 0 56 0 30 0 0 0 0 0 16 0 0 0 4 14 0 0 0 0 32 0 0 0 63 21 49 32 42 0 5 24
0 0 63 9 81 40 40 36 0 45 0 0 2 0 51 0 81 0 0 0 35 27 36 5 0 63 68 0 0 5 107 4 0 13 15 0 0 18 45 63 24 75 63 0 0 0 25 55 0 73 54 0 28 36 66 0 50 5 28 0 0 18 52 20
55 0 0 72 0 11 105 0 0 63 0 49 38 21 0 40 0 0 0 0 63 63 0 69 0 0 56 20 56 0 0 13 0 4 28 0 0 27 56 0 0 0 0 0 0 0 0 0 27 63 0 50 0 42 0 56 43 5 45 0 120 108 7 0
56 10 38 0 0 10 32 0 10 0 63 0 0 30 7 0 35 6 0 14 0 3 0 0 42 52 4 0 5 9 0 0 0 1 0 40 0 109 5 42 4 54 0 0 5 30 20 108 39 36 14 0 9 28 0 0 9 0 0 51 63 2 4 104
0 21 0 8 40 0 28 0 0 0 0 79 0 0 0 30 54 0 64 0 0 48 20 0 30 14 8 63 5 9 0 30 0 0 0 0 7 0 8 72 0 25 35 0 8 0 8 21 40 0 62 25 0 0 30 0 40 0 36 0 72 23 16 20
0 0 0 0 0 0 0 0 0 0 0 16 14 5 0 1 0 0 0 12 0 20 20 35 20 4 0 0 0 0 0 28 0 28 0 0 0 12 0 0 24 0 0 0 0 28 0 16 0 0 0 0 2 0 0 0 0 35 0 0 0 0 0 0
0 0 0 33 45 0 0 0 0 0 0 0 49 0 50 0 45 0 0 0 5 0 0 0 0 15 88 0 0 0 45 0 0 0 35 0 0 0 0 0 0 43 9 63 0 0 0 24 9 40 32 0 3 0 3 0 0 0 0 75 35 0 0 40
0 0 10 24 72 0 0 0 7 26 0 8 18 0 33 4 90 0 64 0 0 0 0 45 2 10 1 0 0 0 64 36 8 36 0 0 48 0 0 1 0 52 8 10 9 0 3 16 6 0 8 0 24 0 0 8 0 45 0 20 46 0 17 26
92 8 12 32 0 0 7 0 0 34 72 14 0 9 50 6 39 0 0 17 0 0 0 0 48 6 0 3 0 0 0 0 9 0 0 0 0 34 8 40 14 14 0 15 0 2 0 0 0 0 0 0 0 32 0 12 0 0 47 48 0 4 0 93
28 0 0 3 0 7 49 0 0 99 4 27 45 0 0 0 0 0 24 0 0 81 0 0 0 36 63 72 25 4 0 0 0 0 28 0 0 0 0 0 0 81 0 0 3 8 35 0 15 35 74 42 0 0 0 0 43 54 0 63 0 3 0 35
36 72 28 62 0 30 0 0 54 90 0 72 4 18 84 39 108 81 52 53 0 36 9 40 0 0 27 27 0 0 0 0 0 0 0 0 0 0 12 36 45 0 72 41 6 24 78 0 30 0 36 36 12 12 12 28 30 0 78 0 40 6 0 49
0 3 0 0 40 2 0 0 0 0 0 0 5 0 0 0 0 0 0 0 0 0 5 0 0 40 0 0 56 5 0 0 0 0 0 40 0 0 0 0 4 9 0 0 5 0 0 32 0 0 0 15 0 0 0 10 0 0 0 35 0 0 56 10
20 15 0 0 41 10 5 0 0 0 0 10 0 0 30 0 20 12 0 0 35 0 0 0 0 0 75 0 28 25 35 0 0 0 0 0 0 0 21 23 72 0 79 0 53 0 32 24 0 0 0 0 3 6 21 0 0 14 30 1 0 0 28 0
24 87 0 0 25 0 0 0 0 0 82 6 0 0 57 40 12 54 0 0 0 0 5 64 16 78 3 89 35 0 0 0 0 18 72 40 9 0 28 0 4 0 0 0 27 48 16 47 0 0 50 15 18 0 0 16 0 6 0 35 64 0 134 34
78 0 0 0 0 1 32 0 25 0 36 24 0 0 12 0 20 15 81 36 40 34 70 36 25 4 72 4 3 0 40 0 0 45 40 0 0 36 8 0 115 0 72 0 0 59 71 88 30 54 24 6 21 30 24 0 4 0 12 5 0 0 36 12
24 0 0 0 0 0 64 0 0 27 3 66 0 24 18 0 0 0 0 0 0 0 0 0 0 27 64 0 43 3 0 0 0 0 0 0 0 0 64 0 6 0 0 0 24 6 48 0 0 0 21 0 0 0 36 0 0 0 18 0 0 20 8 0
12 0 0 0 0 0 0 0 0 7 0 0 16 0 0 67 0 0 0 0 0 0 28 40 7 0 0 8 0 0 0 46 0 0 0 0 0 0 0 0 0 0 0 0 0 0 0 0 12 28 0 35 0 0 0 0 0 6 0 0 40 32 21 28
30 8 32 73 0 0 0 0 45 81 35 104 44 12 0 70 150 27 72 1 0 54 39 30 65 77 0 9 20 0 45 86 0 102 0 0 0 0 0 0 23 0 0 40 21 0 21 0 123 56 90 45 4 4 18 32 45 30 0 0 0 83 27 102
0 24 9 3 20 0 0 9 0 0 20 39 28 0 6 28 0 0 24 18 0 53 52 16 15 16 9 72 28 0 0 0 0 0 0 0 8 18 0 0 24 0 0 0 3 21 3 64 15 12 38 0 10 9 0 0 15 4 7 9 0 3 32 5
0 0 3 0 0 5 0 18 9 9 1 0 12 28 0 23 0 0 0 3 0 3 0 38 0 71 0 0 21 1 45 24 0 40 16 0 0 0 5 61 0 0 0 1 0 6 8 4 0 0 13 48 0 0 2 0 23 36 18 0 0 2 4 10
0 0 0 0 0 0 32 0 0 0 0 28 16 0 0 0 0 0 0 0 0 0 0 40 0 0 32 0 20 0 0 32 0 32 0 0 0 0 32 0 0 0 0 0 0 0 0 0 0 0 0 0 0 0 0 0 0 40 0 0 0 0 4 0
0 0 63 0 0 0 0 0 0 0 0 0 22 54 0 18 36 0 0 0 0 0 12 30 3 0 45 0 9 0 0 42 0 24 0 72 0 0 0 0 0 18 0 0 0 54 0 0 0 25 20 15 0 0 0 0 0 30 0 45 0 0 9 82
81 9 9 0 30 0 0 9 0 0 81 3 0 18 15 0 44 21 0 18 0 0 9 0 54 0 21 0 42 0 0 0 0 0 0 0 0 36 0 73 6 0 28 0 18 0 74 24 0 7 0 0 7 45 27 0 0 0 7 54 0 15 46 81
42 0 0 3 27 0 0 0 0 0 0 0 0 0 9 6 27 0 63 18 0 0 39 28 1 0 0 0 0 0 24 6 28 35 0 0 0 18 0 0 63 15 28 0 0 0 56 24 0 42 0 5 59 0 0 0 0 0 0 56 56 0 3 46
0 48 27 0 48 0 24 27 45 0 0 0 7 0 48 0 56 93 7 56 0 0 27 0 30 35 12 0 0 0 0 0 0 0 0 0 0 0 12 16 18 72 121 0 0 0 32 56 75 21 36 0 28 27 36 0 0 0 21 7 49 18 12 0
0 3 6 0 0 14 0 0 9 0 0 16 0 30 63 0 0 0 0 27 0 26 20 0 20 16 7 54 0 0 0 0 0 2 0 0 1 24 10 14 24 0 0 1 63 32 0 35 0 0 70 24 46 0 2 0 28 0 4 0 0 4 71 0
24 0 0 0 0 6 52 0 0 0 35 21 0 0 0 0 42 0 0 0 0 54 0 0 56 42 0 0 18 0 0 0 0 63 24 0 0 0 0 0 14 0 0 0 0 0 0 16 0 0 0 36 6 12 0 0 24 0 0 2 0 0 0 0
0 10 0 3 27 0 0 0 0 0 15 0 21 0 9 46 62 21 0 0 0 15 21 52 0 0 21 0 0 0 24 0 36 0 0 0 0 0 0 28 0 15 64 0 0 0 65 0 0 0 0 0 72 0 0 5 0 8 0 72 112 0 0 54
0 0 0 0 0 0 0 0 25 0 0 0 0 0 0 0 20 15 0 0 0 0 0 0 0 0 72 0 0 0 0 0 0 0 0 0 0 0 0 0 0 0 0 0 0 0 0 0 30 40 52 0 0 0 0 0 0 0 0 72 0 0 0 40
0 0 33 112 0 12 48 9 0 110 0 0 0 8 6 12 54 0 0 0 0 0 14 0 0 40 6 0 0 6 0 0 0 0 0 40 0 8 32 0 6 56 0 30 0 8 30 54 0 61 0 15 7 9 0 34 6 0 47 35 0 32 4 76
15 0 0 0 0 39 15 0 0 54 2 0 20 0 0 0 0 0 0 0 81 0 0 0 0 18 0 0 2 2 0 5 36 0 33 0 0 0 18 0 0 24 36 0 0 4 28 32 36 35 14 0 81 72 36 72 24 0 0 75 171 40 0 54
32 4 63 0 45 36 24 0 0 54 36 21 0 54 4 0 40 0 0 8 0 0 0 0 24 0 24 0 87 0 0 0 0 0 18 72 0 16 24 20 0 36 0 0 0 54 0 48 0 0 0 0 0 16 54 0 0 0 0 24 0 0 66 81
36 7 16 0 0 45 0 0 137 64 0 82 45 27 54 5 0 0 72 27 0 0 0 40 16 35 54 0 0 0 3 32 0 32 6 0 54 0 0 8 18 78 6 9 0 36 8 56 21 30 24 54 7 0 18 0 0 45 90 77 67 0 9 30
0 0 9 0 0 25 0 0 0 0 0 0 0 0 0 0 0 0 0 0 0 9 0 0 0 21 0 0 0 0 0 0 0 3 35 0 0 0 45 21 0 0 0 0 0 0 5 0 35 0 18 0 0 0 0 0 40 0 0 0 45 6 12 0
42 0 0 5 45 0 0 0 0 0 0 0 45 0 15 0 45 0 63 0 0 0 35 28 0 0 0 0 0 0 40 0 0 35 0 0 0 6 24 0 63 148 0 0 0 6 49 0 0 42 0 0 0 0 0 0 0 0 0 0 0 0 0 0
60 7 0 0 0 17 8 0 0 0 93 20 12 0 13 0 61 0 0 14 0 0 0 30 90 36 1 0 0 4 0 24 0 78 21 0 0 64 18 59 14 0 0 0 0 0 8 9 21 9 0 0 0 28 0 0 16 30 18 42 51 0 0 67
21 0 54 64 0 42 0 54 0 155 4 0 28 8 36 0 0 0 0 0 0 0 54 0 0 36 0 0 4 4 0 7 0 0 21 0 0 0 0 0 36 42 0 0 0 8 32 14 21 91 28 0 42 54 63 0 0 0 82 0 0 88 24 0
18 8 0 6 54 48 0 0 0 72 0 0 24 0 23 0 54 9 0 36 0 0 0 0 0 0 0 0 0 0 48 6 0 0 24 0 0 90 2 0 0 78 0 0 0 0 0 64 18 42 0 0 6 0 72 0 0 0 0 0 0 48 0 0
12 13 0 0 0 6 0 0 0 0 45 0 79 35 0 124 0 0 0 42 0 45 99 36 9 48 0 0 0 15 0 58 8 0 0 0 0 42 0 0 12 24 8 0 15 0 2 88 24 28 0 45 27 0 0 2 0 11 0 20 44 32 27 48
15 0 9 64 0 3 0 0 0 110 51 0 0 17 72 0 0 0 72 0 0 9 0 0 0 80 8 20 6 6 0 0 0 3 45 0 54 72 25 21 0 0 0 0 72 42 58 0 0 0 129 6 48 0 0 0 21 0 40 0 18 38 138 15
24 24 0 7 83 0 5 0 0 0 0 12 0 0 72 18 93 45 0 0 0 0 12 0 3 0 18 0 28 0 56 18 0 0 0 0 0 0 6 24 12 35 24 0 0 0 48 24 0 0 0 15 3 6 0 0 0 0 36 1 0 0 37 12
0 0 72 0 0 0 0 72 0 0 0 0 0 0 48 0 0 0 0 54 0 0 72 0 0 0 0 0 0 0 0 0 0 0 0 0 0 63 36 0 48 63 0 0 0 9 0 72 0 56 0 0 65 72 0 0 0 0 56 0 0 0 32 0
62 7 42 0 0 12 48 0 0 0 81 0 0 36 7 0 31 0 0 14 0 0 0 0 42 2 6 2 6 6 0 0 0 0 18 48 0 28 4 35 0 0 0 0 0 48 34 54 0 54 2 0 0 28 0 0 6 0 0 42 0 0 18 123
