1263 1148 1397 1183 1278 1106 1389 1181 1072 1223 1275 1279 1125 1106 1036 1329 1317 1273 1435 1058 1303 1095 1178 1133 1162 1077 1381 1151 1293 1095 1174 1183 1074 1365 1256 1102 1253 1207 1068 1251 1303 1140 1239 1053 1076 1498 1315 997 1224 1363 1155 1296 1153 1398 1105 1127 1168 1316 1248 1268 1247 1259 1198 1126
1233 1214 1441 1195 1254 1099 1253 1244 1129 1119 1194 1266 1150 1133 1109 1258 1301 1235 1548 1009 1343 1162 1192 1095 1242 1128 1208 1303 1374 1229 1303 1102 1088 1458 1280 1202 1242 1281 1121 1257 1292 1198 1226 1101 1133 1390 1172 1022 1237 1376 1252 1209 1189 1231 1174 1150 1219 1242 1094 1282 1113 1233 1206 1253
1409 1324 1615 1430 1374 1331 1476 1434 1402 1182 1531 1372 1253 1241 1106 1670 1480 1331 1600 1176 1391 1323 1368 1363 1439 1184 1467 1214 1402 1288 1315 1457 1239 1530 1397 1375 1460 1471 1245 1616 1413 1219 1590 1304 1314 1451 1436 1101 1559 1605 1368 1367 1317 1437 1244 1305 1188 1371 1391 1340 1423 1571 1496 1282
1307 1185 1570 1160 1040 1167 1316 1201 1134 1112 1154 1057 1063 1236 983 1475 1155 1218 1459 1018 1196 1105 1185 1096 1242 1025 1214 1078 1311 1192 1100 1089 1216 1259 1209 1256 1254 1277 1138 1284 1223 1185 1250 1035 1074 1296 1233 986 1409 1406 1179 1285 1176 1301 1045 1136 1101 1279 1209 1274 1311 1226 1320 1185
1245 1150 1307 1080 1183 1143 1113 1031 1185 1097 1061 1128 1072 963 1101 1238 1229 1153 1423 990 1215 1103 1154 1125 1310 1131 1153 1076 1292 952 1084 1116 997 1251 1085 1244 1254 1179 1056 1282 1095 1162 1269 1017 1110 1293 1180 923 1173 1296 1085 1150 1122 1187 1174 1146 976 1136 1172 1161 1082 1162 1117 1070
1454 1453 1845 1393 1431 1368 1525 1500 1485 1426 1452 1471 1354 1287 1259 1593 1642 1439 1671 1286 1552 1467 1611 1476 1531 1475 1517 1393 1592 1488 1415 1473 1418 1583 1370 1392 1581 1474 1372 1616 1538 1391 1682 1462 1337 1682 1662 1316 1504 1577 1477 1427 1465 1505 1476 1516 1396 1428 1427 1225 1521 1508 1538 1413
1416 1121 1522 1293 1194 1236 1366 1405 1187 1243 1377 1214 1200 1236 1113 1674 1383 1200 1407 1056 1363 1212 1349 1309 1322 1056 1360 1092 1338 1210 1222 1352 1238 1418 1050 1171 1388 1301 1132 1435 1414 1233 1343 1198 1083 1429 1194 1171 1530 1430 1285 1351 1350 1454 1082 1198 1121 1320 1246 1328 1230 1413 1309 1105
1356 1174 1462 1248 1115 1027 1303 1412 1288 1154 1265 1193 984 1010 1092 1368 1275 1210 1365 974 1285 1151 1278 1117 1245 1089 1193 1098 1268 1177 1276 1156 1056 1379 1190 1216 1324 1241 1127 1377 1223 1229 1189 1106 989 1355 1221 1178 1310 1476 1256 1102 1159 1279 1299 1145 1131 1170 1127 1149 1208 1273 1321 1046
1291 1042 1510 1184 1140 1220 1314 1307 1167 1185 1172 1203 1093 1163 1106 1459 1349 1212 1462 897 1294 1128 1098 1269 1295 1067 1374 1132 1287 1228 1053 1118 1147 1354 1160 1132 1248 1424 1110 1311 1313 1113 1364 1220 1125 1282 1293 1013 1292 1316 1276 1286 1246 1389 1117 1164 1173 1272 1201 1167 1198 1242 1214 1107
1253 1294 1647 1421 1145 1144 1362 1175 1223 1361 1289 1363 1165 1156 1126 1424 1442 1273 1507 1144 1332 1127 1251 1310 1378 1204 1317 1213 1468 1247 1232 1280 1177 1413 1158 1278 1420 1280 1210 1313 1307 1169 1481 1150 1224 1387 1218 1202 1399 1354 1307 1409 1244 1319 1188 1243 1218 1274 1317 1274 1233 1293 1252 1286
1429 1372 1734 1413 1427 1234 1341 1454 1387 1258 1336 1297 1299 1248 1132 1497 1573 1352 1631 1167 1458 1278 1352 1277 1382 1298 1455 1289 1532 1260 1306 1351 1338 1360 1335 1369 1429 1344 1244 1467 1408 1225 1445 1323 1297 1428 1308 1192 1435 1598 1442 1399 1323 1438 1364 1319 1202 1436 1372 1327 1365 1434 1362 1158
1300 1280 1594 1299 1355 1265 1337 1328 1271 1215 1312 1145 1051 1183 1076 1491 1355 1323 1565 1099 1390 1201 1216 1138 1310 1250 1299 1147 1304 1241 1183 1187 1193 1392 1308 1235 1272 1373 1267 1420 1433 1221 1382 1155 1266 1368 1338 1045 1405 1479 1281 1266 1148 1312 1270 1171 1236 1318 1309 1122 1366 1283 1330 1173
1189 1099 1368 1040 1093 1105 1009 1110 1026 1076 1050 836 926 1143 940 1244 1135 1133 1278 993 1112 1017 1167 1153 1181 1070 1146 1113 1103 1003 924 1104 1166 1111 979 954 1078 1137 963 1208 1173 979 1183 985 1178 1193 1206 980 1190 1292 1065 1133 991 1187 1071 999 928 1202 1154 1011 1038 1140 1012 876
1015 980 1262 1004 943 956 1078 1011 907 1073 997 944 978 899 878 1116 997 1110 1156 829 957 990 1124 926 1114 981 1077 931 1105 962 926 987 916 1094 956 930 992 1140 861 1092 1149 938 1119 1015 846 1134 1064 904 1062 1090 893 1085 934 1120 840 1033 799 1112 983 978 1064 1101 1080 953
980 922 1028 975 976 919 1052 932 1031 858 964 1027 811 879 747 1130 1025 1009 1048 725 931 939 919 1010 890 861 935 840 922 822 967 948 791 1137 884 934 1081 1045 875 1083 900 815 1065 887 782 1065 945 784 888 1144 979 1096 957 986 814 927 823 967 864 901 1062 938 1101 935
1544 1334 1729 1471 1311 1309 1578 1389 1382 1457 1488 1372 1328 1340 1267 1670 1517 1424 1634 1242 1508 1258 1413 1418 1532 1377 1474 1341 1532 1299 1382 1456 1351 1562 1374 1276 1535 1426 1393 1537 1537 1441 1527 1280 1219 1560 1488 1273 1595 1752 1521 1477 1482 1637 1334 1371 1275 1500 1430 1423 1407 1364 1503 1228
1321 1181 1591 1291 1167 1125 1354 1359 1189 1103 1301 1325 1067 1217 1162 1496 1353 1342 1514 1042 1380 1197 1243 1246 1411 1068 1326 1284 1381 1329 1084 1173 1269 1394 1306 1245 1275 1387 1166 1245 1215 1242 1396 1202 1143 1461 1304 1145 1420 1465 1337 1307 1317 1378 1195 1330 1188 1216 1221 1171 1135 1334 1310 1225
1164 1097 1407 1076 1155 1211 1240 1033 1163 1268 1071 1138 1055 1046 913 1287 1231 1168 1386 1014 1122 1113 1064 1204 1279 1153 1058 1063 1196 1131 1092 1104 996 1222 1175 1165 1181 1173 1005 1360 1291 1035 1262 1058 1099 1260 1252 964 1161 1276 1118 1283 1060 1068 1173 1194 1055 1167 1011 1008 1290 1187 1063 1122
1399 1173 1597 1173 1285 1285 1385 1157 1234 1337 1286 1265 1089 1187 1112 1468 1367 1244 1444 1000 1352 1232 1212 1214 1423 1171 1383 1202 1349 1217 1075 1235 1226 1388 1280 1258 1452 1417 1145 1462 1361 1339 1286 1286 1188 1350 1327 1045 1343 1489 1246 1272 1228 1371 1317 1241 1173 1369 1231 1247 1344 1226 1212 1173
1361 1330 1644 1333 1371 1344 1472 1343 1336 1392 1300 1366 1134 1130 1178 1518 1517 1349 1605 1139 1366 1291 1328 1321 1536 1206 1366 1137 1411 1354 1241 1333 1161 1417 1265 1467 1487 1493 1059 1515 1346 1286 1508 1282 1178 1427 1448 1214 1495 1541 1358 1337 1341 1336 1380 1424 1186 1236 1298 1212 1370 1483 1388 1280
1343 1332 1506 1166 1181 1238 1351 1297 1114 1186 1200 1240 1036 1060 1069 1432 1385 1167 1456 974 1240 1271 1193 1226 1254 1057 1243 1097 1309 1172 1154 1142 1209 1371 1166 1250 1365 1335 1098 1343 1289 1331 1200 1124 1153 1193 1269 1145 1369 1256 1253 1193 1158 1434 1126 1073 1181 1218 1312 1184 1261 1293 1313 1045
1271 1256 1537 1248 1198 1220 1195 1341 1207 1144 1131 1169 1110 1123 1006 1385 1362 1247 1552 1082 1279 1238 1194 1264 1227 1102 1228 1080 1323 1156 1209 1217 1152 1449 1183 1313 1242 1318 1147 1405 1326 1182 1353 1233 1039 1301 1228 1175 1372 1337 1195 1323 1234 1231 1164 1062 1159 1174 1187 1249 1238 1243 1353 1035
1532 1220 1456 1131 1301 1330 1271 1263 1200 1157 1215 1162 1158 1118 1118 1458 1267 1289 1535 992 1344 1204 1265 1242 1453 1147 1310 1074 1188 1180 1059 1174 1215 1265 1177 1250 1251 1342 1215 1317 1275 1302 1444 1187 1300 1300 1322 936 1470 1374 1231 1333 1336 1283 1149 1192 1093 1267 1251 1198 1247 1262 1266 1201
1241 1197 1417 1175 1195 1237 1330 1216 1205 1150 1177 1217 1041 1013 1097 1365 1243 1222 1460 989 1195 1233 1149 1202 1239 1182 1193 999 1311 1112 1165 1245 1039 1388 1197 1249 1320 1351 1063 1410 1253 1227 1334 1161 1106 1354 1372 1040 1278 1368 1134 1264 1215 1325 1099 1137 1079 1154 1291 1134 1342 1223 1278 1077
1559 1457 1895 1349 1322 1329 1426 1388 1264 1352 1331 1309 1202 1310 1246 1486 1479 1381 1594 1156 1468 1233 1451 1339 1425 1381 1375 1269 1501 1440 1276 1404 1420 1384 1290 1372 1450 1424 1306 1493 1462 1313 1608 1393 1274 1509 1536 1258 1472 1588 1488 1520 1418 1458 1302 1363 1224 1476 1456 1197 1564 1413 1472 1377
1428 1309 1673 1228 1381 1376 1433 1362 1300 1229 1295 1295 1218 1340 1132 1604 1398 1476 1605 1109 1440 1285 1289 1365 1322 1337 1388 1300 1389 1276 1267 1200 1068 1500 1305 1337 1422 1610 1227 1563 1374 1224 1504 1270 1175 1582 1432 1071 1292 1578 1369 1499 1305 1373 1221 1374 1270 1449 1325 1175 1411 1323 1414 1460
1318 1267 1568 1291 1181 1369 1297 1259 1219 1311 1249 1161 1166 1183 1099 1405 1414 1237 1508 1217 1341 1140 1188 1185 1291 1186 1316 1299 1380 1344 1316 1259 1157 1461 1402 1316 1194 1319 1249 1343 1322 1180 1458 1215 1098 1377 1378 1165 1311 1446 1393 1378 1301 1273 1330 1302 1303 1207 1126 1170 1340 1324 1430 1306
1178 1253 1449 1101 1133 1278 1382 1083 1143 1258 1167 1203 1109 1025 1156 1342 1366 1210 1412 981 1194 1183 1291 1264 1256 1106 1275 1019 1300 1192 1141 1177 1048 1346 999 1174 1308 1377 1069 1336 1330 1300 1331 1156 1042 1291 1267 1154 1258 1166 1156 1329 1202 1254 1089 1183 1079 1171 1220 1110 1218 1371 1267 1169
1304 1130 1530 1113 1279 1271 1337 1235 1261 1185 1234 1179 994 1208 1041 1431 1373 1336 1514 1110 1228 1085 1238 1225 1317 1201 1116 1199 1228 1149 1185 1189 1051 1396 1289 1191 1296 1289 938 1413 1324 1031 1383 1147 1002 1349 1455 1028 1176 1449 1161 1303 1223 1330 1107 1301 1132 1234 1151 1129 1305 1223 1342 1168
1345 1211 1609 1283 1388 1258 1347 1359 1338 1153 1225 1145 1060 1172 1070 1453 1451 1259 1469 1048 1325 1183 1203 1212 1349 1302 1171 1187 1356 1179 1193 1184 1196 1439 1212 1243 1324 1373 1170 1472 1325 1234 1388 1252 1160 1389 1370 1041 1479 1616 1299 1238 1250 1302 1344 1311 1108 1307 1225 1141 1331 1145 1343 1103
1344 1163 1625 1302 1425 1243 1269 1366 1314 1090 1135 1178 1118 1198 1084 1484 1197 1253 1616 1014 1379 1236 1169 1203 1343 1178 1318 1152 1466 1181 1082 1197 1303 1398 1254 1291 1305 1338 1165 1472 1289 1275 1329 1162 1276 1426 1403 926 1487 1502 1252 1322 1198 1383 1189 1240 1150 1346 1312 1199 1346 1333 1331 1084
1241 1161 1592 1213 1125 1217 1334 1091 1057 1243 1212 1202 1155 1106 1083 1389 1351 1324 1459 1032 1165 1083 1086 1283 1288 1065 1343 1152 1342 1178 1104 1238 1064 1419 1186 1200 1244 1365 1080 1315 1171 1151 1358 1081 1093 1468 1306 1086 1165 1368 1124 1378 1203 1315 1091 1146 1108 1262 1313 1181 1300 1310 1290 1133
1483 1247 1576 1342 1392 1372 1415 1334 1338 1405 1438 1237 1242 1260 1136 1513 1371 1418 1576 1189 1346 1225 1427 1347 1400 1242 1366 1226 1351 1211 1190 1343 1216 1404 1231 1338 1433 1394 1331 1468 1485 1430 1474 1288 1363 1537 1396 1242 1565 1570 1363 1402 1362 1366 1404 1349 1216 1398 1394 1278 1437 1383 1335 1294
1102 1010 1248 1018 1003 1175 1171 988 1156 1006 986 906 975 1018 995 1182 1223 1020 1344 960 1091 935 1032 1071 1109 1051 1138 1091 1244 979 1054 1048 886 1140 1051 1034 1124 1132 1079 1133 1243 1076 1161 989 1049 1146 1135 908 1170 1221 1150 1067 1108 1196 1095 1009 992 1121 1157 1067 1093 1109 1117 928
1275 1287 1588 1267 1205 1268 1404 1378 1190 1227 1266 1093 1118 1244 1061 1520 1316 1353 1537 988 1305 1284 1099 1373 1379 1243 1386 1198 1314 1246 1181 1223 1216 1583 1205 1162 1254 1476 1107 1435 1386 1111 1410 1250 1140 1399 1363 1047 1341 1483 1294 1337 1263 1323 1281 1347 1095 1325 1144 1164 1361 1279 1282 987
1267 1197 1567 1266 1169 1178 1181 1245 1165 1114 1166 1209 1090 1112 1120 1511 1150 1259 1465 989 1280 1096 1135 1256 1359 1220 1240 1177 1358 1306 1208 1111 1134 1365 1202 1142 1187 1334 1126 1405 1227 1163 1527 1159 1140 1495 1350 1074 1299 1374 1173 1325 1217 1378 1087 1180 1205 1292 1237 1094 1295 1301 1391 1187
1443 1419 1651 1182 1262 1316 1307 1334 1352 1363 1368 1402 1226 1334 1213 1579 1582 1276 1668 1189 1568 1392 1351 1420 1580 1261 1411 1318 1525 1414 1226 1380 1334 1470 1362 1391 1451 1482 1452 1566 1476 1440 1459 1331 1336 1470 1424 1217 1434 1409 1530 1384 1386 1358 1345 1280 1251 1364 1270 1301 1330 1421 1315 1294
1167 1127 1263 941 1013 1193 1172 1217 1091 978 1102 898 962 1129 817 1203 1181 1099 1345 902 1159 1254 1123 1122 1070 959 1149 1098 1045 1164 1106 1024 947 1213 1153 1090 1023 1207 1108 1240 1187 1018 1099 1101 1029 1237 1097 955 1109 1203 1217 1151 1052 1022 1122 999 1000 1048 898 1059 1252 1191 1129 1047
1230 926 1320 1131 1091 1164 1255 1165 1029 1105 1107 1019 971 1039 883 1207 1196 1061 1292 1048 1102 1065 1124 1075 1014 868 1087 975 1063 1084 1044 1179 1025 1240 1153 1142 1108 1124 936 1166 1053 988 1178 1119 928 1228 1166 918 1217 1264 1098 1249 1155 1243 1035 1134 994 1018 1133 1046 1180 1099 1189 979
1346 1252 1506 1187 1176 1244 1442 1168 1279 1226 1325 1303 1094 1136 1083 1482 1322 1127 1457 1152 1347 1248 1248 1241 1405 1169 1391 1184 1358 1319 1243 1347 1204 1367 1280 1312 1406 1359 1169 1406 1224 1258 1475 1151 1098 1431 1440 1076 1468 1412 1275 1357 1326 1380 1205 1159 1162 1121 1286 1306 1296 1329 1403 1187
1304 1193 1570 1438 1230 1203 1260 1436 1172 1248 1276 1252 1110 1161 1041 1454 1363 1248 1548 1051 1393 1259 1124 1146 1285 1131 1351 1231 1354 1246 1262 1260 1188 1404 1327 1308 1233 1319 1346 1398 1429 1209 1390 1268 1179 1341 1240 1136 1513 1633 1392 1291 1232 1324 1285 1130 1237 1325 1247 1256 1282 1319 1281 1129
1564 1459 1692 1318 1484 1469 1572 1452 1244 1225 1308 1429 1415 1324 1224 1667 1580 1337 1803 1281 1461 1356 1378 1420 1487 1261 1516 1381 1567 1482 1341 1419 1346 1490 1524 1479 1418 1531 1352 1660 1540 1478 1495 1248 1308 1593 1519 1204 1611 1583 1572 1528 1384 1496 1321 1317 1323 1456 1390 1355 1420 1559 1406 1358
1640 1275 1643 1394 1460 1348 1543 1351 1265 1363 1457 1353 1242 1197 1170 1562 1536 1447 1643 1124 1369 1313 1318 1351 1538 1199 1414 1257 1423 1228 1278 1381 1293 1429 1350 1438 1410 1378 1223 1557 1477 1338 1576 1342 1288 1499 1378 1144 1543 1599 1380 1472 1336 1447 1274 1388 1191 1396 1324 1353 1342 1489 1381 1246
1368 1232 1306 1189 1164 1094 1377 1222 1030 1222 1392 1292 1158 988 1053 1410 1242 1349 1490 937 1176 1236 1356 1178 1314 1036 1308 1061 1097 1142 1139 1114 1093 1296 1105 1180 1276 1300 1161 1309 1309 1259 1294 1086 1021 1266 1230 1020 1411 1260 1199 1216 1191 1226 1109 1163 1054 1134 1117 1182 1114 1284 1190 1275
1601 1342 1656 1410 1388 1350 1537 1340 1232 1325 1366 1325 1297 1262 1192 1608 1387 1391 1609 1122 1411 1241 1335 1357 1432 1308 1471 1339 1376 1234 1194 1271 1304 1458 1273 1334 1484 1453 1263 1399 1407 1343 1412 1257 1252 1392 1463 1138 1492 1622 1388 1466 1346 1551 1290 1362 1275 1481 1329 1246 1424 1346 1444 1208
1416 1230 1621 1265 1287 1242 1470 1216 1235 1291 1366 1316 1144 1208 1259 1380 1489 1390 1535 1078 1334 1230 1395 1202 1413 1285 1345 1257 1481 1189 1242 1242 1222 1400 1287 1256 1410 1352 1205 1425 1381 1256 1339 1160 1107 1483 1418 1140 1330 1515 1199 1318 1304 1495 1221 1248 1156 1275 1356 1301 1305 1286 1283 1330
1202 1035 1238 1075 1035 1054 1210 1171 1077 952 1245 1052 942 1040 891 1273 1156 1139 1372 907 1159 1121 1065 1138 1142 972 1155 1157 1112 1086 1057 1077 1059 1240 1176 1037 1028 1183 1172 1213 1208 1070 1262 1136 966 1259 1272 905 1295 1369 1271 1122 1091 1214 1013 1015 1031 1118 1031 1096 1144 1117 1296 967
1322 1237 1616 1170 1215 1258 1389 1166 1271 1223 1251 1191 1134 1282 1146 1468 1444 1243 1463 1074 1462 1180 1168 1221 1366 1086 1355 1149 1465 1148 1003 1286 1206 1441 1249 1287 1352 1519 1295 1346 1222 1256 1366 1221 1207 1386 1292 996 1316 1349 1323 1318 1227 1282 1119 1228 1107 1231 1195 1293 1327 1261 1290 1154
1349 1388 1665 1416 1309 1404 1318 1357 1391 1349 1383 1207 1184 1245 1136 1636 1469 1417 1666 1176 1375 1278 1418 1358 1508 1331 1469 1311 1433 1345 1286 1342 1269 1548 1317 1251 1393 1461 1320 1575 1552 1307 1583 1290 1228 1513 1542 1144 1462 1549 1369 1421 1318 1403 1349 1337 1258 1441 1376 1239 1440 1357 1433 1283
1406 1265 1511 1386 1259 1298 1414 1248 1154 1311 1204 1258 1181 1171 1149 1399 1336 1384 1616 1061 1292 1192 1295 1181 1307 1121 1386 1181 1263 1291 1303 1322 1130 1448 1244 1305 1421 1291 1198 1309 1290 1118 1401 1135 1172 1438 1313 1107 1336 1434 1272 1327 1229 1200 1265 1235 1184 1259 1174 1197 1335 1267 1230 1233
1271 1239 1497 1389 1212 1382 1429 1384 1371 1193 1324 1272 1265 1194 1089 1480 1377 1333 1601 1075 1331 1388 1167 1448 1379 1248 1410 1278 1460 1349 1402 1293 1203 1546 1388 1302 1345 1441 1265 1482 1321 1326 1451 1169 1257 1474 1447 1195 1402 1412 1467 1427 1324 1339 1288 1296 1236 1316 1253 1175 1435 1449 1464 1233
1298 1252 1494 1149 1133 1279 1401 1245 1225 1322 1248 1244 1134 1150 1067 1371 1433 1124 1404 1091 1178 1136 1277 1329 1262 1136 1284 1100 1292 1247 1176 1217 1194 1377 1121 1251 1364 1363 863 1282 1286 1150 1321 1217 1167 1282 1366 1156 1345 1316 1251 1341 1287 1373 1163 1292 1083 1160 1265 1273 1197 1333 1239 1185
1552 1386 1619 1376 1347 1249 1657 1382 1276 1366 1452 1550 1433 1313 1175 1590 1507 1365 1683 1176 1512 1429 1509 1457 1622 1314 1600 1292 1481 1451 1325 1333 1263 1549 1385 1319 1514 1613 1403 1577 1414 1491 1518 1370 1201 1615 1452 1082 1598 1607 1507 1493 1437 1567 1210 1427 1267 1428 1382 1443 1315 1431 1450 1444
1346 1297 1638 1306 1163 1296 1347 1198 1190 1293 1216 1287 1180 1119 1171 1370 1289 1247 1509 1087 1303 1227 1330 1210 1389 1212 1382 1268 1414 1253 1215 1355 1232 1427 1285 1343 1414 1384 1168 1382 1259 1307 1435 1193 1124 1372 1336 1088 1399 1388 1254 1443 1241 1268 1282 1219 1224 1255 1291 1236 1377 1342 1330 1171
1410 1245 1526 1327 1318 1292 1441 1292 1293 1232 1370 1232 1123 1196 1033 1522 1321 1265 1588 1110 1287 1200 1233 1348 1359 1230 1269 1162 1263 1287 1201 1147 1184 1362 1340 1308 1382 1352 1217 1378 1272 1320 1372 1107 1371 1310 1339 1014 1499 1490 1325 1314 1335 1426 1276 1279 1260 1280 1345 1159 1358 1198 1289 1239
1364 1188 1427 1169 1175 1339 1290 1173 1115 1163 1235 1182 1172 1223 1197 1474 1388 1301 1496 1103 1273 1114 1161 1287 1375 1099 1192 1302 1266 1176 1174 1270 1068 1464 1236 1226 1237 1248 1050 1247 1213 1046 1422 1080 1100 1381 1285 1074 1257 1272 1251 1336 1358 1279 1172 1281 1004 1231 1144 1047 1129 1220 1306 1149
1615 1404 1877 1445 1435 1354 1608 1530 1412 1380 1522 1525 1278 1264 1298 1663 1642 1479 1718 1156 1481 1299 1469 1433 1470 1368 1481 1370 1583 1362 1331 1404 1357 1609 1455 1536 1568 1679 1364 1631 1453 1496 1651 1504 1387 1663 1630 1242 1619 1855 1496 1462 1307 1719 1430 1432 1367 1490 1702 1411 1553 1562 1591 1407
1305 1082 1324 1111 1071 1265 1332 1186 1017 1083 1156 1019 1115 1027 1118 1488 1255 1067 1365 934 1299 1114 1023 1058 1199 963 1194 1106 1198 1106 1085 1164 914 1305 1257 1131 1169 1278 1193 1366 1191 1156 1323 1157 1067 1313 1266 949 1310 1261 1203 1124 1167 1200 992 1089 1062 1123 998 1206 1221 1193 1205 987
1382 1219 1459 1181 1246 1132 1289 1159 1081 1163 1213 1229 1082 1054 1178 1341 1341 1315 1382 885 1297 1062 1200 1099 1281 1185 1282 1195 1351 1024 1103 1085 1069 1313 1155 1173 1325 1355 1091 1262 1237 1265 1211 1126 1137 1441 1247 1032 1241 1400 1154 1146 1105 1406 1149 1205 1058 1294 1245 1177 1268 1303 1299 1128
1253 1233 1507 1355 1344 1305 1429 1305 1235 1187 1164 1347 1200 1273 1110 1427 1444 1275 1680 1138 1302 1328 1249 1214 1176 1185 1241 1216 1399 1281 1329 1251 1129 1509 1284 1383 1475 1278 1209 1442 1364 1245 1354 1177 1200 1517 1323 1108 1342 1387 1336 1299 1295 1327 1268 1262 1324 1253 1380 1200 1380 1308 1378 1417
1200 1056 1386 1097 987 973 1288 1260 1112 1104 1212 1185 1080 1034 926 1166 1190 1196 1260 974 1129 1160 1169 1153 1110 1078 1154 1150 1257 1084 1279 1136 967 1142 1194 1072 1194 1162 1015 1106 1118 1060 1068 907 941 1295 1039 1041 1138 1318 1269 1178 1206 1173 1056 1104 1016 1003 1040 1060 1163 1194 1098 967
1397 1137 1602 1260 1187 1389 1342 1252 1205 1320 1115 1093 1150 1251 1115 1471 1271 1324 1629 1198 1296 1120 1230 1272 1336 1145 1327 1248 1269 1322 1244 1272 1204 1381 1241 1288 1262 1298 1175 1217 1300 1095 1383 1062 1068 1375 1440 1149 1319 1466 1274 1483 1237 1339 1271 1180 1264 1224 1245 1120 1375 1301 1322 1115
1552 1418 1716 1368 1376 1429 1474 1359 1298 1281 1315 1384 1330 1342 1192 1617 1525 1334 1748 1159 1404 1278 1263 1481 1497 1367 1367 1392 1464 1468 1319 1316 1249 1623 1371 1289 1452 1422 1273 1526 1476 1375 1459 1349 1388 1508 1412 1168 1545 1504 1505 1448 1397 1437 1425 1389 1281 1537 1319 1255 1446 1381 1434 1259
1444 1270 1539 1224 1261 1241 1304 1295 1226 1161 1317 1242 1042 1193 1129 1439 1391 1325 1572 947 1410 1251 1274 1045 1290 1020 1303 1183 1379 1217 1162 1250 1272 1360 1287 1367 1457 1265 1216 1391 1270 1185 1331 1222 1208 1383 1325 1085 1282 1395 1278 1242 1246 1403 1138 1195 1100 1245 1314 1299 1337 1324 1248 1248
