14 14 16 12 14 10 11 19 13 15 12 12 10 19 11 12 14 19 10 13 9 17 18 19 15 18 16 10 15 17 16 15 16 15 18 13 14 14 13 18 16 15 13 17 11 19 17 17 15 13 13 19 17 20 13 16 16 14 15 17 13 12 14 20
12 13 15 12 20 16 14 16 16 15 15 13 15 17 11 14 13 17 15 9 13 15 17 15 14 20 15 13 14 14 16 16 20 14 18 12 14 17 18 19 13 17 15 21 18 20 15 13 14 17 15 14 14 15 15 18 15 16 17 19 13 13 17 17
10 12 18 11 17 14 17 17 15 12 16 13 14 17 13 15 11 15 16 15 13 19 16 18 15 20 14 14 11 19 12 16 19 18 18 11 14 18 17 15 16 19 16 16 20 20 15 14 18 18 16 15 18 19 16 15 14 20 17 16 16 16 15 19
13 16 24 14 21 13 17 17 16 13 14 15 12 21 13 16 13 19 20 11 16 20 21 19 19 21 17 14 16 20 17 13 21 15 20 14 19 16 17 17 17 17 16 18 21 22 20 17 18 15 13 22 19 19 15 17 16 18 19 19 19 16 17 23
13 14 17 15 19 8 14 18 17 16 14 17 18 21 14 13 16 14 15 10 17 19 19 17 20 21 17 17 16 22 17 17 17 24 21 14 17 19 17 22 16 24 16 21 20 19 19 17 19 16 15 20 16 19 16 16 18 20 18 17 19 14 15 21
16 17 21 11 20 10 17 17 20 16 16 17 16 21 20 15 17 13 15 16 18 19 23 21 19 20 15 15 16 21 17 18 17 21 16 16 19 19 24 18 11 23 14 18 22 17 22 17 18 16 13 21 14 23 17 19 18 23 20 23 12 13 17 20
15 15 19 17 20 9 15 14 14 14 13 19 15 22 14 14 20 18 16 11 17 16 22 17 17 20 16 15 18 20 19 13 17 17 20 13 16 17 16 18 14 16 16 20 18 21 19 15 19 15 11 19 13 20 15 15 20 21 21 22 14 11 13 20
16 15 16 14 20 13 13 17 18 13 18 17 17 19 13 14 18 15 10 17 20 18 22 20 18 16 16 15 15 15 16 17 19 18 18 11 17 22 17 20 15 17 15 23 15 22 17 17 16 17 15 19 15 19 16 12 17 23 14 18 17 10 13 18
10 11 14 14 17 15 16 12 14 15 14 13 12 19 13 13 15 15 16 10 14 18 17 16 13 20 9 7 12 20 15 11 18 15 20 11 19 12 17 16 13 15 19 17 18 16 15 12 14 17 13 13 14 17 12 19 12 17 16 18 17 13 16 16
15 11 14 12 19 12 11 17 16 16 13 13 14 18 11 11 12 16 12 11 14 16 20 20 15 17 13 11 16 15 14 12 18 13 17 10 15 15 19 18 12 15 16 16 20 15 15 17 13 17 14 16 11 14 14 15 13 18 15 18 18 13 14 19
11 14 12 14 13 11 14 16 14 9 11 15 13 19 10 13 15 13 12 11 13 16 13 14 14 16 11 15 12 17 18 14 17 14 15 10 16 17 12 14 13 14 14 18 16 14 18 15 14 12 12 14 15 19 13 12 10 18 16 17 17 11 14 15
11 10 10 13 16 7 14 9 12 13 13 15 12 17 11 9 13 10 13 13 9 14 16 13 13 15 12 12 14 17 17 13 15 16 16 11 15 16 12 17 14 18 17 13 16 16 15 12 15 15 11 14 14 14 13 15 15 14 14 16 13 10 13 15
12 14 17 13 15 11 18 14 15 13 13 12 13 14 15 13 14 16 16 9 13 14 16 22 15 18 14 10 14 17 15 9 13 14 17 11 15 13 13 14 14 16 17 20 16 21 14 15 16 11 14 14 13 14 15 10 10 18 14 16 18 12 14 18
16 13 18 15 20 10 18 16 18 16 18 18 13 20 14 14 19 16 13 16 14 18 19 21 20 19 18 13 19 20 19 12 20 25 19 14 17 18 15 18 13 20 16 21 20 23 19 17 21 16 14 22 16 19 17 15 16 20 16 20 17 12 16 21
15 13 18 12 20 13 14 16 15 16 14 14 17 18 13 19 13 15 14 12 11 17 20 20 18 21 14 14 14 15 19 12 18 14 19 11 17 14 17 21 15 18 17 19 19 21 15 16 21 16 12 16 14 22 19 14 12 17 15 19 16 13 14 19
13 17 17 16 22 11 16 14 15 15 17 18 13 19 15 17 18 14 13 12 15 19 17 17 18 16 16 17 14 19 13 15 21 19 19 12 16 18 17 19 10 18 15 19 21 20 19 16 18 16 14 19 18 21 20 18 16 23 19 23 13 11 17 19
13 13 20 15 19 11 17 20 20 15 14 19 14 22 11 17 14 18 14 13 13 16 18 20 16 20 19 20 16 20 21 19 19 19 21 16 19 17 15 19 17 20 14 23 19 21 19 18 18 18 15 20 16 23 18 20 18 20 17 19 15 17 16 23
17 17 23 20 24 15 18 19 17 20 16 18 20 23 15 16 19 21 18 12 18 21 22 19 16 25 20 19 19 21 24 17 23 17 22 16 21 20 21 22 13 19 18 20 21 24 22 18 20 17 19 20 18 21 18 20 22 21 23 25 18 19 18 24
14 13 18 12 15 13 13 15 16 13 16 14 14 16 12 9 13 16 13 11 17 19 13 16 14 18 14 14 13 17 14 11 18 18 19 13 16 18 14 15 15 17 18 20 17 18 18 13 18 15 13 17 13 16 16 14 12 18 15 13 17 12 12 17
20 14 16 10 18 10 18 18 17 15 16 16 17 20 16 11 17 16 15 15 15 19 21 16 19 21 15 14 18 20 19 18 17 18 24 15 17 23 18 23 15 23 20 16 17 17 21 18 22 15 18 19 19 21 16 22 17 20 19 21 18 13 15 20
9 14 18 14 17 12 12 15 13 15 15 12 11 15 13 13 14 14 16 9 14 14 14 12 13 15 16 9 10 15 13 15 17 15 13 11 15 14 14 14 12 14 12 19 16 18 14 17 14 12 15 16 15 14 14 14 14 18 18 15 15 11 12 15
15 16 21 14 15 11 16 20 20 18 16 16 15 19 13 15 19 19 14 16 14 18 18 18 18 20 18 13 12 19 18 13 18 22 24 18 17 17 17 16 17 23 15 24 23 17 19 13 18 19 16 18 17 18 14 15 18 21 18 18 14 14 16 20
15 17 21 16 19 16 15 16 18 19 17 18 15 18 16 18 18 20 17 13 14 18 17 18 16 21 13 12 15 21 18 14 18 15 20 13 18 17 18 17 18 19 18 21 24 18 18 18 21 15 17 18 18 21 19 17 13 21 23 17 17 12 17 21
15 10 17 13 14 11 11 14 16 13 11 11 12 18 11 8 12 17 12 9 13 18 12 14 12 17 14 11 13 15 16 14 15 16 16 12 18 17 12 17 12 11 13 18 15 19 16 11 16 14 16 18 12 17 11 16 12 15 17 15 15 10 13 14
16 16 17 16 19 9 16 14 18 15 18 17 15 23 15 12 18 16 13 13 15 19 20 18 17 21 14 16 18 19 17 14 17 16 21 14 17 22 17 21 15 22 19 20 19 17 19 16 19 16 15 17 15 19 15 18 21 23 21 20 16 12 15 18
9 12 14 11 11 8 10 12 11 12 14 14 9 18 11 8 14 12 10 11 8 13 15 12 14 15 15 7 11 17 14 11 10 12 15 10 12 12 13 15 13 14 13 15 12 13 14 12 11 15 13 12 14 11 11 12 16 15 10 15 14 9 9 14
15 15 16 15 22 13 13 15 18 14 15 15 16 20 11 17 18 19 13 15 16 22 17 13 20 18 11 13 13 20 21 16 20 17 17 14 16 18 15 19 13 15 16 20 15 20 20 13 17 13 16 19 18 22 12 14 15 16 16 18 14 14 11 15
16 11 14 12 16 12 16 13 15 14 16 13 15 16 12 12 16 15 15 12 16 16 15 17 16 14 10 15 14 18 16 11 14 17 15 9 17 18 17 18 15 20 15 19 17 15 18 11 16 15 12 13 13 16 14 13 13 16 14 16 17 13 14 13
17 18 21 19 25 14 15 16 18 18 19 19 20 22 18 15 20 21 20 19 20 23 21 22 20 20 17 18 16 22 23 17 24 19 22 16 21 22 20 21 17 18 25 23 20 26 24 19 21 17 17 23 20 22 20 16 20 21 19 22 15 19 12 22
15 13 22 14 20 11 14 18 21 12 12 13 17 17 10 14 15 18 13 15 14 19 16 17 17 21 19 14 14 16 19 17 23 20 19 16 19 17 13 15 10 14 17 19 21 19 19 16 18 15 17 19 16 19 14 15 17 22 18 20 14 14 14 16
10 7 13 12 19 13 14 12 14 14 11 14 13 20 7 13 12 13 13 12 10 11 18 12 13 14 12 12 12 15 17 16 16 12 11 11 13 12 15 15 14 14 10 17 15 15 15 11 11 15 9 14 12 16 11 16 15 12 14 19 10 14 12 15
13 19 23 16 20 15 14 18 17 19 19 16 15 24 15 17 19 19 19 11 13 17 18 20 18 21 18 13 18 25 22 16 19 18 23 15 17 16 22 19 16 19 16 21 23 23 20 20 17 17 17 22 20 20 19 17 16 21 21 21 18 16 18 26
8 12 19 10 15 10 15 11 12 10 14 11 10 15 15 11 11 14 13 10 14 17 15 17 11 18 14 9 12 13 9 11 16 13 18 12 12 14 15 13 10 14 15 15 15 21 13 12 13 13 11 15 13 15 14 12 14 20 16 15 13 11 16 16
19 18 21 13 20 14 19 16 21 17 23 16 18 24 16 17 20 18 12 20 17 23 24 27 23 19 18 16 17 21 19 18 22 20 23 16 19 25 22 25 17 23 18 25 20 26 23 17 18 20 18 21 20 26 17 17 19 27 17 23 16 16 21 21
11 11 13 11 16 6 11 12 16 9 10 12 11 16 10 8 11 14 10 11 13 15 16 15 11 16 12 12 15 11 16 10 17 11 13 9 17 15 12 14 8 12 14 16 15 16 14 13 13 13 9 15 12 14 10 14 16 16 14 13 11 9 12 14
14 14 20 15 19 8 17 15 21 12 17 17 15 22 12 9 16 14 16 15 18 17 18 18 17 17 16 16 14 17 14 18 16 17 16 12 18 21 19 17 16 22 18 16 17 20 22 13 19 20 15 19 15 17 15 14 19 21 17 19 16 13 16 18
15 14 16 15 19 14 15 16 22 14 15 12 13 18 10 13 16 17 15 15 13 18 13 17 14 16 13 13 13 18 15 16 18 21 17 14 19 21 16 17 14 16 17 19 18 20 18 12 17 15 17 21 17 17 12 16 17 20 19 22 11 15 14 13
9 15 18 14 17 9 8 12 10 12 14 12 11 15 12 10 14 14 12 8 12 13 14 14 15 13 13 8 13 18 14 11 13 10 18 11 13 13 12 16 9 9 16 13 12 19 12 16 10 11 13 15 12 12 12 12 13 16 12 19 14 10 9 13
13 17 22 12 23 11 17 18 21 16 15 18 17 23 17 14 15 17 13 19 16 18 21 18 20 20 16 18 13 19 20 16 18 18 21 17 20 24 20 19 15 24 16 21 22 20 18 17 19 17 16 20 17 21 16 16 20 23 21 18 15 17 13 21
12 11 14 8 17 7 11 16 14 8 9 11 13 18 12 9 9 12 12 11 13 13 16 13 15 14 14 14 11 11 14 14 15 12 15 9 13 19 14 17 13 16 13 12 12 15 13 14 13 13 11 16 15 15 12 14 14 17 15 17 14 14 13 18
10 11 13 11 16 9 8 17 12 11 15 18 10 18 14 13 17 12 13 8 14 11 18 11 16 13 13 10 12 15 14 14 15 16 15 9 14 18 17 18 11 21 13 16 11 16 13 12 12 18 11 12 10 17 12 14 12 15 14 15 13 9 12 17
14 10 16 11 19 9 13 19 16 14 16 14 12 17 14 13 14 13 11 12 12 14 17 16 17 17 16 12 15 18 15 19 15 19 17 13 17 17 16 19 9 20 12 16 18 17 18 15 17 14 14 17 13 21 16 17 15 18 15 19 15 8 16 17
16 15 22 12 23 13 15 16 21 15 18 15 14 20 12 15 18 18 16 14 16 20 16 20 19 18 16 15 13 21 19 15 23 22 23 13 18 21 20 23 15 21 18 21 24 27 21 12 20 22 17 20 14 17 19 18 16 20 19 19 17 13 18 22
16 17 21 17 23 12 20 17 20 19 18 18 15 21 13 16 17 15 13 21 16 17 20 20 18 20 18 17 14 18 18 19 18 21 20 17 18 20 18 21 17 21 15 23 20 24 22 17 22 17 15 21 16 23 21 18 21 23 18 23 13 17 15 20
15 14 17 13 22 13 16 15 16 15 18 14 16 18 16 16 19 18 15 16 19 17 21 19 17 18 12 10 15 19 19 15 20 17 20 11 16 20 20 21 16 20 21 19 19 22 17 15 20 17 13 18 15 21 16 15 14 19 16 22 17 11 15 16
18 13 20 14 19 13 14 18 17 18 17 16 16 19 15 15 16 16 16 16 12 17 20 24 18 22 17 14 18 20 19 14 18 19 26 13 19 16 18 20 17 18 13 24 21 24 16 18 19 18 12 17 16 20 16 18 16 23 17 20 14 15 21 22
9 7 14 13 15 9 12 14 12 13 13 14 15 14 10 11 11 11 10 13 11 13 14 15 12 15 12 13 12 16 16 13 15 18 17 12 15 14 10 17 15 16 15 16 15 15 14 13 13 13 9 17 11 15 14 11 15 14 9 14 14 10 10 15
15 14 13 13 19 12 14 16 14 13 13 13 14 15 13 11 14 13 14 10 13 14 20 14 19 16 12 10 17 13 15 11 16 14 17 12 13 14 17 17 14 15 13 17 16 15 16 15 17 13 12 14 13 14 16 14 12 16 17 23 12 10 12 18
12 17 18 11 16 12 13 16 14 13 14 11 11 16 11 11 13 15 14 12 10 17 14 15 16 17 16 11 11 18 14 12 19 16 19 12 12 18 15 16 11 14 16 15 16 18 13 15 11 15 16 15 15 14 11 15 13 20 18 19 16 12 15 15
12 11 19 12 19 10 14 12 16 12 12 13 14 17 14 15 15 15 14 7 14 13 21 18 15 15 16 12 18 18 16 15 16 14 17 14 14 15 14 18 12 17 14 17 15 19 17 16 12 12 10 16 10 17 15 13 13 18 15 15 14 11 13 16
16 13 14 15 16 10 13 18 15 17 9 16 15 18 13 11 15 19 9 11 12 14 18 21 14 19 16 15 20 17 17 15 17 15 17 12 16 20 14 20 13 16 15 20 17 17 17 20 18 12 15 18 15 21 15 16 14 19 19 18 16 13 14 19
10 11 18 10 14 12 16 14 12 14 14 10 11 16 14 7 7 17 13 10 13 14 17 16 13 15 13 11 16 15 13 12 13 11 14 9 14 15 15 16 14 14 13 17 17 15 16 13 17 16 13 17 13 16 17 16 12 15 15 15 16 13 11 17
10 15 18 16 17 13 16 17 19 12 13 16 13 21 14 13 16 16 12 10 13 17 17 19 14 22 18 12 15 17 15 13 19 18 18 11 19 18 12 16 13 17 16 19 17 22 17 14 15 14 14 17 13 15 13 11 14 19 17 17 18 13 16 16
12 14 15 11 16 13 13 11 15 10 14 14 14 20 14 14 13 13 12 9 11 17 15 18 18 17 14 13 13 16 16 12 17 15 16 9 15 15 13 17 14 16 15 18 15 19 14 13 15 15 11 16 14 17 15 13 10 17 14 17 16 9 17 17
12 13 12 15 17 10 12 17 16 12 16 15 12 23 11 13 16 12 12 11 10 19 15 14 17 17 16 12 13 14 14 14 21 19 17 11 16 19 15 19 11 18 17 17 13 20 15 14 13 18 15 16 18 17 11 18 15 19 17 21 14 13 17 14
12 14 16 14 20 11 13 15 13 14 15 17 14 15 10 16 15 13 15 11 13 13 20 14 19 15 12 12 15 17 18 12 17 15 18 9 11 15 13 20 17 18 12 17 16 19 14 15 13 16 8 17 12 14 16 13 13 14 12 19 17 8 14 20
11 13 15 17 22 16 14 15 19 15 15 18 15 18 11 14 16 16 11 14 16 16 17 14 15 16 11 12 11 16 16 15 14 12 18 14 17 14 18 17 15 15 16 21 17 16 15 15 15 14 16 15 16 17 15 11 16 20 17 18 13 14 9 16
17 16 16 15 18 8 13 17 18 15 17 17 15 16 13 14 17 16 11 15 16 18 16 15 19 16 15 16 13 16 18 14 19 19 19 10 16 19 14 18 11 18 14 21 18 16 19 16 18 13 13 19 15 20 16 14 16 20 15 20 15 10 13 16
14 14 16 12 21 12 12 18 15 13 14 19 17 22 11 12 15 12 12 14 12 16 20 13 20 19 17 17 17 16 20 21 16 16 17 15 19 21 17 25 13 18 15 19 14 17 20 14 20 15 12 17 17 22 15 15 17 17 16 20 12 16 13 18
14 15 22 14 21 13 16 16 17 17 16 15 13 19 14 18 16 18 13 12 11 19 18 21 17 18 19 12 15 20 19 11 21 18 19 13 15 16 19 20 12 16 14 18 22 25 16 13 15 15 18 22 18 18 13 12 17 19 17 20 16 13 17 20
10 13 17 13 18 11 13 14 15 12 17 13 14 17 9 13 14 9 10 12 14 15 19 15 16 14 11 12 15 18 16 16 12 16 14 13 18 16 15 19 11 16 11 14 16 19 16 14 14 12 11 17 12 19 14 13 14 17 14 20 11 11 13 15
12 13 18 9 17 11 14 12 15 14 14 13 16 16 12 12 11 15 11 13 13 17 17 15 13 16 13 12 11 12 18 10 15 11 15 10 17 14 14 15 11 12 12 19 18 17 13 13 13 11 13 17 13 14 13 10 16 16 13 13 14 12 9 16
21 15 20 16 21 18 14 20 19 20 22 17 22 24 12 22 23 23 21 15 18 25 22 22 22 21 19 16 17 24 23 16 23 22 22 17 20 22 18 24 17 16 21 25 22 25 21 17 17 19 20 24 20 21 16 16 20 26 20 25 20 17 18 22
16 15 19 13 17 13 12 16 17 14 18 9 14 18 13 14 16 16 17 14 19 16 20 20 14 14 16 13 14 18 17 16 18 18 13 13 13 16 20 16 15 16 13 16 16 21 21 16 12 12 15 19 14 19 15 14 18 21 19 19 11 16 13 19
