1230 1208 1260 1155 1118 1149 1192 1247 1341 1226 1536 1292 1281 1222 963 1114 1445 1292 1281 1041 1109 1082 1075 1248 1409 1079 1340 1011 1245 1257 1252 1299 1235 1236 972 1267 1114 1287 1250 1227 1265 951 1133 1280 1211 1289 1216 1205 1316 1149 1117 1366 1398 1140 935 1134 782 1354 1148 1282 1321 1169 1090 1273
1324 1129 1278 1302 1300 1225 1205 1215 1313 1276 1586 1306 1328 1487 1143 1302 1533 1484 1407 1228 1235 1165 1311 1444 1446 1172 1449 1180 1392 1391 1427 1452 1375 1389 1208 1276 1199 1465 1461 1398 1396 1156 1207 1308 1503 1365 1145 1326 1425 1495 1230 1538 1366 1295 1129 1106 986 1429 1476 1362 1485 1389 1072 1348
1539 1251 1495 1358 1376 1396 1450 1216 1466 1202 1669 1358 1563 1413 1294 1295 1576 1541 1411 1247 1274 1280 1197 1340 1497 1201 1531 1210 1437 1382 1408 1546 1361 1525 1142 1307 1311 1583 1529 1504 1323 1108 1334 1445 1351 1446 1308 1456 1490 1424 1347 1452 1451 1276 1193 1095 877 1553 1439 1395 1412 1433 1213 1306
1468 1212 1247 1140 1289 1221 1161 1287 1382 1295 1572 1203 1335 1364 1167 1350 1449 1422 1298 1135 1124 1081 1266 1375 1469 1183 1409 1116 1216 1354 1379 1277 1247 1307 1118 1173 1036 1312 1367 1203 1323 1161 1343 1334 1266 1236 1207 1259 1365 1430 1310 1365 1232 1345 1119 1133 831 1420 1175 1257 1432 1307 1143 1352
1308 1102 1252 1205 1273 1255 1207 1225 1406 1249 1552 1255 1325 1286 1137 1215 1470 1365 1341 1100 1151 1136 1152 1163 1330 1192 1533 1027 1256 1305 1362 1442 1221 1224 1028 1286 1108 1350 1284 1328 1291 969 1222 1346 1279 1187 1360 1257 1355 1332 1286 1261 1230 1275 973 1175 845 1220 1183 1281 1263 1272 1132 1105
1317 1167 1222 1194 1241 1150 1270 1329 1353 1198 1455 1226 1263 1321 1078 1243 1363 1337 1163 1058 1135 1261 1189 1325 1336 1207 1485 1014 1324 1427 1355 1344 1289 1377 982 1162 1125 1356 1344 1153 1300 1136 1195 1323 1379 1241 1315 1282 1288 1303 1387 1355 1272 1273 1072 1123 800 1374 1331 1233 1397 1229 1250 1211
1643 1383 1519 1443 1493 1358 1431 1498 1562 1450 1744 1402 1545 1663 1311 1507 1547 1701 1414 1376 1283 1348 1415 1413 1681 1410 1547 1292 1427 1696 1621 1485 1591 1537 1111 1467 1419 1548 1599 1341 1426 1322 1551 1520 1527 1385 1323 1466 1556 1604 1486 1746 1555 1600 1381 1396 1053 1516 1513 1500 1654 1490 1323 1570
1286 1185 1280 1262 1272 1257 1346 1249 1482 1244 1652 1380 1481 1400 1186 1349 1537 1508 1414 1268 1274 1216 1315 1354 1507 1217 1431 1277 1399 1418 1456 1492 1429 1424 1071 1224 1308 1378 1414 1433 1350 1102 1261 1476 1425 1516 1234 1424 1441 1510 1294 1437 1304 1286 1064 1169 954 1380 1311 1442 1394 1473 1241 1335
1431 1310 1479 1378 1237 1296 1374 1294 1443 1209 1726 1335 1441 1505 1230 1403 1557 1598 1310 1234 1306 1289 1262 1394 1551 1176 1561 1036 1524 1365 1430 1438 1396 1495 1128 1348 1305 1492 1622 1400 1321 1113 1326 1520 1418 1344 1436 1503 1490 1436 1317 1466 1498 1293 1238 1289 985 1509 1518 1463 1578 1438 1344 1386
1399 1218 1292 1257 1268 1228 1187 1340 1430 1227 1569 1224 1252 1468 1159 1403 1472 1414 1302 1177 1138 1141 1264 1397 1395 1250 1442 1080 1394 1436 1384 1456 1365 1382 1209 1240 1183 1438 1478 1184 1274 1117 1368 1294 1408 1330 1274 1313 1335 1503 1323 1404 1435 1434 1060 1250 932 1301 1379 1384 1505 1356 1217 1348
1280 1138 1106 1074 1149 1090 1231 1269 1411 1157 1369 1217 1300 1222 1076 1197 1489 1269 1288 1024 1141 987 1245 1223 1459 1148 1323 1070 1254 1313 1255 1352 1183 1253 1025 1130 996 1264 1218 1242 1283 1031 1197 1296 1259 1243 1291 1140 1284 1388 1165 1403 1249 1184 1065 1239 890 1250 1063 1225 1271 1180 1173 1279
1287 1261 1353 1255 1230 1164 1229 1318 1519 1224 1568 1244 1376 1442 1106 1397 1497 1419 1319 1148 1156 1160 1272 1205 1433 1135 1379 1114 1433 1390 1414 1370 1485 1437 1157 1328 1229 1555 1455 1158 1180 1244 1369 1433 1357 1278 1306 1305 1371 1505 1327 1493 1416 1357 1231 1144 924 1363 1378 1351 1372 1382 1210 1395
1668 1409 1513 1438 1572 1474 1547 1490 1691 1405 1752 1483 1556 1619 1404 1587 1644 1586 1634 1386 1389 1337 1417 1498 1648 1462 1720 1277 1574 1759 1677 1747 1655 1556 1347 1504 1376 1668 1619 1486 1563 1274 1635 1597 1544 1552 1542 1495 1602 1690 1598 1584 1620 1589 1259 1436 1016 1654 1537 1524 1720 1545 1387 1549
1623 1308 1360 1408 1401 1271 1334 1393 1579 1296 1708 1322 1522 1466 1347 1515 1533 1515 1508 1237 1323 1266 1289 1340 1578 1293 1474 1303 1407 1588 1431 1648 1329 1448 1147 1391 1251 1566 1590 1416 1372 1171 1557 1444 1411 1359 1335 1461 1657 1651 1370 1423 1406 1487 1143 1370 941 1462 1345 1480 1492 1417 1277 1374
1427 1283 1369 1113 1292 1273 1269 1406 1474 1302 1532 1361 1343 1447 1165 1342 1512 1350 1389 1190 1213 1235 1279 1352 1485 1285 1616 1080 1421 1366 1480 1335 1472 1487 1151 1261 1239 1556 1482 1277 1217 1145 1396 1389 1390 1378 1281 1341 1317 1371 1361 1564 1459 1317 1134 1085 975 1405 1374 1277 1420 1409 1191 1252
1205 1136 1229 1093 1125 1082 1150 1227 1306 1222 1435 1277 1196 1309 1080 1262 1381 1213 1215 1162 1152 1100 1169 1184 1335 1129 1382 992 1236 1306 1309 1247 1255 1244 1033 1199 1133 1366 1349 1096 1264 1076 1158 1237 1225 1340 1233 1144 1253 1226 1208 1392 1333 1296 1141 1104 893 1377 1334 1210 1457 1184 1124 1267
1260 1125 1345 1097 1129 1216 1212 1247 1370 1266 1559 1212 1328 1358 1003 1217 1450 1411 1355 1210 1172 1089 1206 1267 1434 1103 1305 1107 1219 1228 1387 1299 1278 1413 979 1225 1134 1248 1395 1151 1201 1000 1315 1298 1256 1317 1119 1277 1297 1305 1253 1438 1270 1173 1076 1121 968 1295 1268 1226 1315 1294 1207 1249
1550 1474 1466 1396 1447 1485 1533 1497 1616 1324 1789 1571 1642 1720 1345 1454 1635 1661 1614 1387 1386 1416 1531 1481 1651 1395 1693 1287 1566 1578 1721 1533 1712 1661 1214 1573 1484 1675 1601 1568 1441 1250 1496 1691 1539 1489 1393 1462 1514 1646 1502 1716 1548 1538 1318 1323 1071 1527 1548 1544 1554 1619 1448 1459
1658 1418 1566 1418 1413 1410 1460 1412 1674 1418 1864 1488 1605 1731 1277 1593 1725 1631 1751 1432 1428 1232 1453 1444 1784 1375 1666 1160 1546 1484 1684 1589 1609 1594 1330 1626 1454 1624 1727 1560 1449 1078 1625 1779 1531 1447 1505 1601 1666 1611 1478 1714 1620 1515 1283 1521 1060 1482 1617 1540 1531 1589 1401 1618
1426 1388 1391 1292 1334 1111 1339 1288 1502 1353 1503 1283 1294 1394 1272 1464 1463 1466 1403 1093 1213 1095 1303 1262 1539 1213 1426 1154 1310 1395 1524 1351 1344 1403 1128 1300 1180 1424 1364 1330 1196 1185 1369 1355 1273 1221 1309 1307 1407 1474 1395 1537 1379 1490 1244 1255 937 1269 1329 1333 1431 1385 1241 1330
1366 1164 1260 1147 1144 1130 1162 1148 1286 1175 1464 1081 1331 1367 1118 1250 1362 1266 1321 1010 1113 968 1148 1122 1319 1100 1236 1107 1314 1317 1315 1332 1249 1292 1065 1169 1056 1337 1255 1188 1158 1033 1355 1225 1131 1174 1125 1250 1411 1400 1239 1366 1364 1273 1022 1148 898 1371 1209 1144 1375 1216 1077 1210
1351 1169 1197 1233 1139 1113 1277 1272 1405 1233 1576 1070 1332 1348 1174 1291 1342 1287 1229 1122 1045 1141 1184 1239 1229 1158 1325 1064 1412 1368 1431 1346 1270 1331 1081 1132 1175 1431 1484 1094 1173 1157 1447 1336 1457 1252 1202 1407 1432 1390 1351 1444 1231 1253 978 1024 851 1284 1359 1239 1452 1313 1195 1275
1376 1113 1224 1203 1161 1156 1193 1297 1281 1260 1465 1311 1246 1441 1144 1321 1514 1392 1256 1037 1123 1193 1201 1343 1431 1164 1424 978 1188 1332 1302 1375 1242 1278 1123 1307 1245 1488 1428 1303 1228 1168 1257 1257 1339 1253 1212 1104 1305 1368 1161 1364 1374 1288 1174 1133 906 1333 1421 1382 1421 1220 1182 1334
1528 1185 1293 1224 1300 1157 1332 1368 1480 1089 1440 1324 1405 1520 1258 1333 1406 1344 1298 1098 1147 1252 1346 1244 1455 1206 1403 1111 1436 1428 1371 1351 1392 1430 1080 1357 1307 1474 1509 1229 1145 1136 1414 1375 1401 1289 1328 1252 1336 1458 1273 1528 1466 1336 1200 1027 909 1343 1279 1424 1410 1396 1192 1266
1257 1284 1210 1186 1290 1157 1331 1236 1373 1216 1478 1256 1311 1296 1109 1385 1438 1411 1306 1150 1211 1119 1298 1198 1399 1137 1586 1028 1311 1288 1470 1343 1343 1319 1129 1429 1353 1516 1351 1349 1231 1095 1275 1336 1387 1219 1322 1228 1354 1499 1171 1406 1329 1306 1217 1110 875 1156 1322 1343 1337 1350 1146 1215
1453 1250 1285 1276 1327 1276 1303 1365 1576 1319 1757 1368 1510 1582 1224 1321 1533 1546 1433 1313 1303 1299 1407 1437 1417 1301 1517 1240 1400 1459 1540 1543 1474 1518 1009 1543 1321 1541 1566 1432 1428 1278 1423 1444 1343 1243 1331 1395 1507 1470 1352 1521 1492 1452 1289 1238 1108 1518 1498 1527 1634 1338 1382 1375
1355 1205 1291 1239 1250 1271 1260 1436 1474 1298 1610 1304 1450 1490 1179 1271 1444 1443 1317 1318 1118 1273 1211 1164 1413 1262 1377 1152 1392 1422 1421 1304 1325 1407 953 1411 1252 1439 1490 1174 1279 1120 1362 1461 1401 1237 1312 1426 1377 1291 1198 1424 1409 1370 1110 1296 931 1395 1344 1339 1364 1311 1284 1450
1556 1372 1357 1240 1346 1354 1475 1423 1607 1452 1694 1423 1463 1517 1170 1409 1585 1523 1479 1335 1402 1252 1506 1327 1545 1277 1599 1169 1536 1505 1500 1514 1511 1473 1207 1417 1433 1449 1565 1340 1437 1266 1371 1553 1438 1479 1533 1312 1456 1608 1437 1566 1434 1463 1376 1191 984 1348 1427 1398 1528 1465 1334 1457
1268 1127 1188 1084 1260 1127 1378 1216 1460 1142 1335 1297 1217 1360 1133 1245 1313 1272 1221 1078 987 1050 1271 1142 1473 1137 1431 1037 1237 1402 1369 1336 1479 1395 1092 1335 1221 1313 1392 1199 1290 1122 1383 1348 1343 1263 1180 1161 1283 1310 1328 1478 1341 1329 1275 1191 940 1218 1261 1223 1376 1200 1176 1271
1346 1128 1264 1154 1276 1281 1250 1229 1298 1187 1574 1276 1239 1360 1034 1179 1340 1426 1347 1123 1191 1157 1196 1271 1353 1080 1371 1136 1315 1395 1349 1295 1372 1310 1101 1292 1143 1282 1420 1340 1278 1139 1175 1414 1298 1187 1166 1172 1282 1309 1268 1390 1371 1257 1086 1159 886 1429 1300 1303 1403 1273 1124 1290
1565 1261 1438 1451 1561 1319 1424 1514 1475 1216 1719 1390 1501 1602 1212 1346 1483 1552 1338 1222 1154 1281 1247 1295 1526 1258 1693 1011 1559 1522 1455 1392 1497 1534 1108 1369 1264 1534 1542 1307 1325 1164 1538 1434 1558 1272 1324 1460 1464 1515 1499 1500 1522 1375 1243 1241 898 1517 1284 1388 1536 1385 1255 1458
1228 1050 1327 1148 1219 1214 1143 1204 1365 1159 1541 1182 1380 1401 918 1232 1363 1377 1225 1117 985 1179 1143 1235 1391 1090 1476 1035 1320 1188 1436 1289 1463 1356 1050 1366 1149 1350 1337 1190 1248 989 1238 1400 1308 1253 1144 1326 1268 1178 1338 1342 1354 1181 1042 1096 940 1354 1356 1270 1402 1242 1092 1251
1408 1334 1474 1300 1400 1328 1297 1350 1429 1210 1695 1256 1336 1475 1158 1336 1537 1577 1475 1184 1185 1290 1262 1398 1407 1268 1520 1161 1425 1374 1440 1480 1439 1450 1194 1475 1162 1599 1522 1303 1227 1128 1333 1463 1448 1290 1295 1356 1443 1538 1334 1494 1455 1235 1117 1191 996 1399 1370 1444 1459 1324 1190 1331
1381 1157 1173 1146 1234 1246 1242 1193 1438 1085 1396 1252 1303 1345 1196 1315 1397 1300 1293 982 1093 1011 1233 1167 1347 1231 1407 1064 1251 1348 1398 1287 1182 1243 1072 1246 1156 1279 1314 1339 1168 1062 1258 1304 1177 1170 1254 1234 1157 1263 1159 1398 1325 1361 1032 1150 843 1251 1151 1283 1315 1240 1132 1256
1446 1359 1399 1354 1489 1320 1509 1422 1548 1462 1688 1518 1574 1650 1246 1509 1776 1574 1641 1306 1270 1219 1409 1372 1690 1378 1614 1369 1670 1610 1580 1516 1583 1684 1283 1405 1252 1531 1612 1423 1448 1291 1428 1482 1611 1513 1329 1427 1522 1620 1453 1662 1622 1530 1187 1303 1162 1501 1353 1523 1515 1490 1249 1386
1140 880 986 862 995 901 1016 1023 1131 1005 1289 1003 1089 1088 889 1179 1174 1143 1147 949 1029 892 994 1007 1262 869 1067 838 1037 1138 1102 1122 1040 1053 857 1135 1027 1087 1105 1076 969 898 1097 1120 1024 1074 1043 1103 1179 1056 985 1022 1046 1011 876 782 797 1014 1004 1074 1194 1071 834 1115
1386 1179 1361 1262 1361 1195 1330 1224 1420 1398 1563 1350 1369 1607 1169 1323 1417 1448 1316 1241 1170 1141 1301 1275 1491 1282 1469 1175 1425 1444 1473 1373 1496 1477 1089 1344 1191 1384 1398 1299 1395 1214 1309 1379 1339 1389 1230 1306 1368 1338 1472 1548 1422 1403 1266 1104 1090 1366 1400 1366 1591 1238 1146 1466
1580 1372 1372 1368 1400 1309 1390 1443 1445 1275 1655 1279 1503 1425 1246 1359 1449 1492 1300 1242 1158 1263 1185 1342 1455 1313 1518 1309 1414 1542 1459 1549 1397 1349 1172 1324 1302 1544 1480 1284 1295 1140 1472 1489 1402 1412 1313 1455 1547 1505 1408 1488 1355 1329 1076 1210 874 1563 1366 1377 1581 1433 1283 1365
1259 1089 1144 1024 1081 1113 1116 1212 1258 1169 1338 1160 1226 1148 1050 1139 1260 1178 1203 1101 1022 977 1127 1032 1262 1045 1287 1172 1094 1218 1235 1247 1103 1291 818 1186 1046 1136 1194 1097 1013 983 1143 1170 1047 1107 1130 1119 1233 1252 1095 1100 1155 1155 1027 1016 827 1092 1006 1023 1219 1132 1016 1031
1343 1176 1204 1041 1143 1103 1148 1236 1249 1327 1471 1157 1196 1458 1151 1311 1361 1358 1226 1078 1074 1107 1187 1166 1341 1218 1342 1015 1178 1266 1226 1323 1154 1230 973 1259 1140 1293 1393 1136 1240 1059 1237 1269 1218 1141 1185 1112 1222 1263 1154 1365 1301 1246 1130 1170 993 1207 1280 1240 1376 1199 1189 1281
1417 1230 1290 1102 1247 1244 1301 1364 1473 1231 1642 1158 1316 1270 846 1309 1507 1450 1376 1209 1250 1082 1129 1317 1488 1204 1495 1030 1353 1318 1397 1310 1285 1343 1121 1263 1165 1254 1409 1295 1235 1109 1261 1327 1379 1385 1284 1495 1346 1378 1332 1381 1347 1262 984 1116 834 1381 1258 1329 1415 1314 1160 1439
1675 1418 1493 1421 1471 1441 1458 1537 1595 1308 1761 1406 1641 1730 1345 1453 1657 1667 1566 1413 1369 1391 1334 1518 1591 1439 1662 1263 1658 1599 1656 1561 1600 1644 1194 1304 1299 1715 1656 1396 1366 1194 1510 1552 1547 1450 1439 1535 1453 1729 1555 1637 1557 1504 1268 1360 898 1511 1489 1447 1464 1617 1319 1535
1474 1282 1368 1338 1391 1279 1309 1304 1513 1287 1578 1338 1530 1577 1151 1367 1499 1443 1381 1118 1165 1209 1328 1245 1519 1168 1512 1025 1415 1426 1403 1378 1514 1457 1101 1421 1175 1524 1348 1228 1356 1059 1538 1456 1351 1173 1387 1344 1477 1492 1404 1373 1395 1367 1233 1258 925 1335 1244 1361 1430 1348 1170 1409
1372 1407 1392 1399 1407 1179 1433 1396 1539 1240 1603 1406 1457 1615 1245 1450 1423 1487 1362 1354 1182 1223 1267 1373 1546 1294 1606 1133 1547 1398 1453 1487 1524 1623 1142 1339 1235 1548 1588 1232 1402 1135 1569 1454 1501 1327 1385 1501 1490 1549 1466 1582 1478 1356 1291 1245 879 1413 1304 1427 1412 1440 1279 1456
1539 1231 1426 1326 1261 1293 1349 1408 1722 1403 1666 1433 1614 1569 1304 1378 1659 1592 1352 1268 1285 1226 1348 1292 1600 1371 1560 1303 1479 1556 1562 1563 1464 1654 1145 1471 1358 1653 1529 1460 1501 1246 1502 1531 1421 1408 1407 1383 1508 1442 1453 1686 1493 1506 1442 1388 1062 1378 1450 1444 1481 1512 1305 1518
1168 942 999 924 1044 1012 1098 1051 1110 1082 1261 996 1089 1160 810 1008 1155 1190 1086 852 975 1047 940 1061 1256 879 1127 990 1127 1182 1074 1070 1140 1132 922 1027 846 1084 1043 1103 1107 863 966 1161 1151 1074 1034 1137 1056 1082 1101 1079 1151 1051 888 992 697 1113 1062 1064 1177 1069 889 1146
1308 1141 1312 1164 1236 1308 1240 1273 1515 1202 1568 1228 1272 1326 987 1308 1583 1564 1408 1141 1334 1175 1245 1404 1567 1113 1466 928 1424 1279 1405 1327 1324 1368 1229 1221 1163 1337 1440 1242 1242 1009 1243 1385 1453 1341 1382 1463 1362 1424 1255 1382 1324 1235 1041 1175 799 1273 1335 1373 1246 1344 1179 1314
1182 1068 1142 987 1150 941 1176 1216 1205 1030 1214 1117 1196 1181 1070 1167 1250 1152 1056 878 938 1051 1096 1106 1260 1034 1247 875 1209 1216 1162 1173 1173 1252 888 1068 1039 1216 1092 1035 1048 961 1179 1080 1078 1175 1103 997 1047 1227 1257 1198 1217 1165 1095 928 798 1070 1080 1149 1297 1134 1057 1162
1421 1179 1312 1155 1260 1255 1322 1268 1536 1223 1576 1240 1292 1457 1163 1329 1525 1478 1288 1069 1201 1248 1317 1326 1427 1194 1497 958 1360 1389 1376 1404 1434 1296 1205 1309 1300 1476 1464 1265 1312 1166 1364 1506 1435 1380 1416 1213 1327 1458 1422 1654 1408 1326 1257 1167 968 1251 1304 1410 1412 1303 1272 1410
1289 1307 1279 1335 1263 1213 1362 1326 1391 1105 1597 1440 1544 1383 1119 1451 1516 1525 1384 1082 1235 1206 1212 1246 1563 1182 1518 1142 1507 1405 1473 1288 1423 1455 1185 1350 1266 1517 1386 1417 1299 1101 1387 1494 1381 1427 1260 1384 1400 1404 1267 1529 1473 1302 1175 1211 906 1471 1349 1382 1496 1378 1251 1403
1437 1381 1241 1203 1213 1209 1166 1351 1481 1217 1532 1219 1376 1381 1145 1320 1553 1311 1376 1113 1176 1045 1281 1274 1369 1184 1456 1108 1381 1271 1450 1348 1321 1374 1113 1223 1151 1462 1386 1162 1054 996 1305 1354 1264 1200 1289 1341 1374 1466 1280 1435 1267 1290 1042 1146 910 1118 1221 1270 1403 1368 1108 1220
1440 1324 1234 1124 1329 1254 1342 1275 1431 1202 1548 1287 1369 1398 1157 1352 1560 1363 1380 1163 1166 1098 1256 1349 1528 1339 1601 1172 1405 1346 1389 1490 1438 1480 1191 1271 1137 1466 1403 1410 1322 1114 1272 1451 1363 1414 1286 1392 1440 1409 1414 1402 1466 1295 1067 1184 874 1469 1345 1330 1461 1405 1207 1274
1469 1235 1228 1197 1342 1223 1405 1257 1434 1215 1416 1488 1397 1469 1218 1326 1466 1356 1267 1138 1149 1165 1424 1294 1532 1307 1520 1054 1428 1402 1364 1390 1509 1489 1263 1300 1249 1389 1472 1348 1414 1121 1418 1442 1426 1436 1297 1212 1320 1470 1393 1527 1342 1290 1279 1145 1074 1325 1454 1347 1565 1345 1289 1441
1537 1240 1386 1278 1349 1228 1326 1296 1591 1309 1557 1330 1401 1501 1215 1325 1438 1404 1328 1112 1296 1253 1253 1267 1471 1218 1477 1163 1246 1530 1305 1468 1410 1511 1023 1271 1179 1445 1411 1276 1354 1112 1363 1436 1337 1289 1379 1380 1449 1483 1410 1453 1491 1285 1204 1292 898 1432 1305 1383 1476 1315 1269 1423
1192 960 1235 1163 1227 1117 1270 1118 1340 1137 1442 1096 1319 1366 1161 1281 1332 1332 1191 1129 1004 1119 1091 1076 1345 1160 1309 1052 1238 1326 1275 1351 1177 1299 910 1247 1054 1320 1323 1089 1225 958 1340 1276 1318 1102 1204 1302 1301 1227 1182 1262 1313 1152 1041 1083 859 1328 1165 1250 1272 1228 1083 1110
1361 1265 1413 1226 1351 1302 1313 1384 1408 1369 1633 1391 1408 1436 1113 1394 1642 1580 1405 1234 1211 1085 1258 1287 1629 1226 1562 1121 1397 1492 1417 1336 1391 1531 1171 1361 1220 1417 1475 1276 1375 1272 1357 1354 1346 1292 1222 1290 1477 1400 1313 1408 1489 1397 1271 1305 983 1591 1316 1283 1474 1331 1200 1379
1484 1228 1337 1291 1348 1343 1392 1289 1490 1275 1704 1430 1475 1405 1086 1361 1624 1491 1531 1289 1360 1172 1268 1320 1582 1321 1499 1184 1440 1542 1364 1522 1376 1443 1213 1300 1231 1382 1459 1574 1484 1216 1343 1432 1418 1467 1274 1427 1500 1422 1396 1541 1441 1435 1030 1285 1078 1553 1375 1413 1481 1307 1255 1447
1587 1458 1500 1434 1506 1323 1477 1432 1568 1300 1761 1539 1534 1617 1352 1544 1571 1632 1460 1235 1346 1299 1418 1341 1629 1360 1668 1112 1592 1624 1496 1529 1610 1607 1295 1448 1392 1611 1635 1427 1446 1330 1606 1528 1511 1445 1375 1398 1593 1646 1527 1734 1643 1558 1377 1248 1128 1609 1450 1496 1770 1399 1367 1432
1661 1315 1358 1336 1429 1303 1482 1496 1588 1398 1631 1403 1652 1636 1337 1465 1526 1531 1401 1277 1237 1288 1339 1335 1539 1319 1596 1221 1528 1532 1516 1487 1491 1566 1224 1443 1424 1491 1463 1368 1375 1277 1558 1573 1397 1354 1497 1460 1392 1534 1528 1556 1565 1539 1407 1127 989 1555 1400 1371 1625 1507 1407 1508
1279 1195 1374 1276 1165 1244 1205 1273 1360 1239 1604 1340 1339 1525 1159 1299 1442 1421 1308 1181 1134 1104 1193 1345 1406 1168 1404 1075 1378 1336 1483 1445 1432 1434 1082 1269 1244 1495 1420 1321 1250 1055 1419 1306 1296 1272 1164 1305 1293 1370 1316 1435 1323 1329 1095 1193 945 1358 1394 1352 1413 1413 1208 1235
1536 1255 1392 1445 1241 1152 1357 1379 1571 1280 1634 1349 1346 1520 1201 1378 1511 1550 1389 1139 1209 1191 1390 1484 1542 1276 1518 1210 1383 1422 1417 1469 1293 1468 1214 1395 1307 1384 1453 1486 1317 1214 1392 1462 1448 1368 1331 1444 1529 1483 1421 1508 1363 1366 1131 1166 960 1401 1352 1444 1516 1489 1255 1490
1304 1145 1122 974 1104 1162 1132 1299 1372 1086 1476 1167 1351 1300 908 1334 1348 1364 1223 1003 1089 1141 1154 1206 1393 1021 1291 1060 1240 1284 1240 1367 1320 1405 1041 1275 1092 1386 1378 1069 1198 1025 1379 1376 1226 1236 1160 1282 1376 1271 1240 1238 1245 1097 1056 1092 886 1259 1224 1239 1372 1195 1135 1250
1250 1145 1195 1094 1057 1160 1002 1106 1254 1162 1364 1087 1151 1233 1179 1157 1353 1286 1179 1057 1134 998 913 1143 1111 1208 1262 953 1242 1222 1162 1370 1142 1157 965 987 1050 1288 1313 1064 1085 955 1095 1128 1138 1128 1215 1164 1177 1266 1162 1354 1289 1169 975 1094 754 1177 1158 1195 1109 1268 1067 1067
1379 1259 1358 1334 1298 1310 1454 1288 1501 1200 1622 1439 1404 1490 1261 1303 1524 1606 1424 1111 1220 1191 1292 1274 1480 1205 1520 1019 1417 1558 1419 1424 1458 1415 1256 1367 1332 1390 1483 1362 1310 1282 1423 1464 1465 1356 1386 1348 1431 1536 1369 1565 1377 1455 1166 1146 980 1414 1276 1350 1453 1320 1269 1353
