15 0 42 98 6 62 27 120 0 16 41 0 0 0 0 0 0 82 0 45 0 0 0 35 18 30 3 57 81 179 54 0 0 0 0 57 0 0 0 27 24 0 0 27 157 24 9 24 30 108 136 0 0 0 16 63 0 0 0 83 0 27 45 72
15 0 0 0 6 0 9 0 36 0 51 0 0 6 15 7 0 0 30 0 56 0 0 21 18 63 3 12 18 0 0 0 0 0 0 9 9 16 0 27 49 42 12 27 56 0 0 36 60 0 24 0 0 0 9 0 0 0 0 0 0 17 0 0
0 12 2 96 0 6 0 54 0 4 9 0 36 0 0 30 0 42 0 5 0 0 0 0 12 0 0 0 0 0 0 0 0 0 0 24 0 36 0 36 0 0 0 0 0 6 0 0 0 0 18 42 30 5 0 0 0 0 0 0 0 0 0 42
0 0 0 0 12 18 0 24 15 0 0 72 0 54 25 9 0 9 39 0 126 0 0 27 0 123 39 20 36 0 6 0 0 6 0 0 15 24 17 0 0 16 54 48 18 70 0 20 9 39 40 6 0 18 15 0 6 42 30 0 0 69 0 0
0 21 36 4 0 0 0 0 0 0 0 0 0 0 25 0 93 0 0 0 0 0 8 0 0 0 0 47 66 0 54 12 0 0 6 72 15 0 9 63 0 0 3 9 0 84 0 20 0 0 40 0 12 0 22 0 0 54 0 0 0 130 4 9
0 21 8 5 0 0 0 4 3 0 0 0 0 0 0 16 0 0 0 0 0 0 32 0 4 0 4 58 0 24 4 0 6 18 0 0 0 0 7 0 0 12 64 0 0 102 24 0 42 0 6 0 0 0 15 0 0 0 5 0 0 159 0 0
0 116 0 28 45 24 26 42 0 0 0 30 0 0 0 0 30 7 36 0 0 0 0 0 0 0 0 22 36 0 0 42 0 0 12 0 0 0 0 0 18 0 6 0 91 0 4 0 0 81 0 0 0 0 8 0 0 0 18 7 0 92 24 18
0 0 0 7 0 8 2 0 0 4 0 0 0 31 30 0 1 0 1 0 8 12 0 4 0 0 0 25 45 13 0 0 4 0 0 0 26 8 0 0 0 0 14 0 7 0 1 48 7 0 48 0 0 0 18 0 0 0 0 0 0 7 0 0
20 0 54 0 8 60 12 24 18 36 33 0 0 12 12 0 9 0 12 0 93 0 0 36 24 0 4 0 27 63 0 0 36 0 0 66 72 0 18 36 84 21 72 36 41 18 0 32 135 0 0 6 0 36 0 0 0 30 0 0 0 4 54 0
0 0 0 0 0 7 0 0 0 0 0 0 0 10 0 8 0 0 0 0 16 0 0 24 0 72 0 12 0 0 0 0 4 0 0 20 20 0 3 0 3 0 0 0 16 41 0 0 28 0 0 2 9 3 0 0 8 0 0 0 25 36 0 0
0 24 0 8 0 16 0 28 0 32 0 20 18 4 4 0 20 0 24 9 0 0 16 0 0 1 0 9 0 0 0 24 0 0 6 6 0 0 15 0 0 12 39 0 0 72 0 0 9 0 64 0 0 0 44 0 8 16 1 0 0 0 33 9
0 0 0 42 8 0 0 0 0 0 0 0 0 12 30 0 0 33 19 54 0 0 0 18 48 0 15 24 36 42 0 6 0 0 54 0 39 32 0 0 72 42 24 0 0 0 0 80 12 54 48 0 0 24 18 0 16 0 0 66 0 92 96 0
0 24 84 28 33 0 0 56 0 0 0 20 0 34 14 0 76 71 141 36 72 0 0 54 54 0 45 0 0 91 63 0 0 0 0 67 67 0 9 0 130 32 24 0 0 102 0 63 56 36 0 7 14 0 54 0 18 107 24 28 5 138 115 0
0 0 0 85 36 42 14 0 0 0 0 0 42 0 0 0 0 0 0 0 0 0 0 0 0 0 0 7 63 0 0 0 0 0 0 0 0 0 36 0 0 0 0 0 49 0 7 0 0 0 0 0 0 0 0 48 0 0 0 0 0 18 0 0
0 0 80 63 0 52 12 0 45 32 21 0 0 0 0 64 16 15 0 0 64 0 0 68 16 0 16 45 54 8 9 5 39 72 57 0 64 0 0 3 55 101 70 0 42 95 6 0 137 81 24 58 20 20 0 0 16 0 0 20 27 66 35 18
0 0 16 0 5 0 0 36 0 32 72 72 0 20 37 0 0 0 0 40 72 54 0 72 81 0 36 20 57 6 0 3 0 0 27 20 89 0 25 0 45 42 0 15 0 0 81 55 12 24 40 45 0 52 45 18 10 55 0 12 25 73 21 0
25 0 0 56 10 48 31 24 0 0 15 0 0 16 24 0 0 0 0 0 0 0 0 0 42 0 29 8 72 12 0 0 0 0 0 15 0 0 32 45 27 42 0 75 96 45 8 40 24 0 0 18 81 0 48 0 72 94 0 0 0 5 0 0
20 48 12 35 0 12 0 48 10 0 24 0 0 101 0 0 0 48 9 0 0 9 23 10 0 0 10 10 0 69 0 36 0 0 30 16 16 72 6 25 0 0 86 0 0 12 6 18 27 28 54 0 35 0 2 18 4 0 0 6 20 77 0 54
0 0 18 51 21 18 6 24 36 0 21 0 0 42 0 0 24 0 63 0 84 18 0 0 0 0 0 39 27 18 51 0 0 0 24 0 0 0 42 0 0 49 33 0 30 52 3 36 27 0 0 0 6 0 0 0 0 0 51 0 0 9 0 36
0 0 24 0 25 0 10 0 24 0 28 0 0 16 27 5 32 49 35 27 38 0 0 57 0 48 35 12 18 0 36 0 0 0 0 50 90 0 21 0 10 28 0 0 57 32 0 12 63 45 24 0 8 0 9 0 24 0 13 0 40 88 27 0
0 0 0 78 0 0 0 76 3 0 0 0 0 0 0 44 0 0 24 0 8 0 2 12 16 36 0 0 0 0 4 3 0 0 0 0 0 48 7 0 42 0 0 0 8 17 0 0 0 0 24 56 0 0 0 0 0 0 5 0 0 0 1 0
0 0 0 0 0 0 0 0 45 0 0 0 0 21 8 0 0 0 0 18 0 0 0 36 0 9 0 0 1 0 0 0 0 1 0 48 36 0 14 0 0 41 0 8 4 9 0 0 18 81 0 55 0 0 0 0 16 7 2 0 72 0 18 0
0 0 0 0 0 12 0 0 35 24 0 0 0 0 0 0 6 0 0 0 48 0 0 52 0 0 0 0 0 6 0 0 24 0 0 0 48 0 0 0 0 7 48 0 0 0 0 0 24 63 0 42 0 0 0 0 0 0 0 0 21 0 0 0
40 18 54 0 16 8 24 21 0 16 24 15 0 0 0 0 91 0 18 0 32 0 0 16 48 0 8 9 0 4 81 0 16 0 6 24 32 0 0 72 3 0 35 72 64 77 0 64 16 0 0 2 27 0 0 0 8 0 0 0 0 35 12 9
0 0 48 0 4 0 0 0 18 0 21 0 0 0 0 0 0 0 0 0 21 0 0 0 24 0 0 0 0 0 0 0 0 0 0 0 0 0 0 0 92 21 0 0 9 16 0 28 91 0 0 0 0 0 0 0 8 0 0 0 0 20 0 0
0 0 54 81 47 0 18 81 0 0 0 0 0 0 0 45 0 0 0 0 0 0 0 0 30 0 0 0 0 0 0 1 0 0 9 0 0 54 0 0 99 7 0 0 63 27 0 14 72 81 27 63 0 4 0 0 4 0 18 4 0 46 7 0
24 0 12 0 0 0 0 0 36 0 42 0 0 58 0 0 94 14 13 0 42 24 18 12 0 0 10 18 36 24 0 18 0 0 0 72 14 42 59 63 0 70 0 9 18 0 0 48 63 0 9 12 0 0 27 0 0 62 0 0 0 128 0 0
0 0 10 0 0 35 0 0 0 20 45 0 0 0 0 9 20 42 0 25 18 0 0 27 0 81 0 8 16 0 0 0 49 0 0 32 0 0 19 28 0 0 7 4 18 0 0 0 0 0 0 56 0 40 0 0 0 24 21 0 0 70 0 0
0 3 20 0 0 6 0 0 30 12 35 0 0 6 28 40 0 0 0 63 35 0 0 0 10 21 10 0 2 0 0 0 0 47 0 42 0 0 49 0 0 65 0 16 15 18 0 0 108 0 39 2 0 0 13 0 56 14 7 0 0 7 63 0
0 0 36 28 8 51 8 18 34 20 18 54 0 18 0 64 45 0 0 50 78 0 0 0 64 0 34 40 72 0 4 0 6 72 0 72 0 0 32 63 72 48 0 9 76 54 4 56 42 18 48 0 0 31 12 0 16 54 12 48 0 193 0 0
0 0 30 54 0 0 0 72 24 0 20 0 0 0 0 0 0 40 0 18 0 0 0 0 0 0 0 0 0 59 32 0 7 0 0 0 0 0 56 0 35 0 1 0 0 10 0 0 40 18 45 8 0 0 0 0 0 0 43 14 0 6 18 45
25 0 30 0 50 0 31 0 0 0 15 0 0 0 0 0 63 24 0 0 0 0 0 25 30 30 5 48 81 0 54 0 0 0 0 63 0 27 63 45 40 36 0 45 150 24 0 40 30 117 0 0 0 54 27 45 0 0 16 48 0 100 0 0
0 0 24 84 0 0 16 104 0 28 88 0 0 0 8 0 0 88 0 0 0 0 0 20 4 0 8 0 0 76 0 1 0 0 33 0 0 0 40 8 0 45 0 10 0 0 0 0 8 36 72 0 0 4 0 36 32 10 0 4 8 0 7 72
0 57 0 47 9 10 0 63 0 8 0 45 0 0 0 6 47 39 54 54 28 0 10 26 0 54 5 0 0 44 0 15 36 0 0 0 16 0 3 0 3 0 28 0 12 45 0 0 8 59 0 32 0 0 0 0 17 0 12 42 0 24 119 18
0 0 0 0 0 0 0 0 0 0 16 0 0 0 0 0 0 6 0 0 20 0 0 0 0 24 0 0 0 0 0 12 7 8 0 0 0 8 0 0 0 0 1 0 0 0 0 0 0 0 0 8 0 0 0 0 0 0 3 0 36 6 0 0
0 0 12 27 0 0 0 89 0 0 0 0 0 0 20 15 0 0 0 0 0 0 0 0 16 0 20 0 0 64 0 0 0 0 0 0 0 18 20 0 14 35 0 25 12 7 0 0 36 0 33 21 0 0 0 0 0 25 0 0 0 18 0 0
0 0 48 0 0 72 0 42 0 36 0 0 0 18 36 0 9 27 0 81 72 30 0 76 25 9 45 0 15 63 0 0 36 0 0 90 138 0 90 0 56 0 144 0 12 16 45 0 181 45 24 25 0 0 0 10 90 0 9 0 45 18 81 0
0 0 0 25 47 0 16 20 51 6 0 0 0 0 5 19 0 0 0 12 14 0 0 45 42 63 0 76 6 0 20 0 0 0 84 30 3 0 35 0 91 6 24 0 118 0 0 53 78 126 8 36 36 0 3 0 14 0 41 12 18 67 0 72
0 0 42 0 0 44 0 0 18 0 0 0 0 6 0 0 35 15 0 30 18 0 32 35 0 0 25 54 28 24 0 0 0 0 0 68 12 0 34 49 0 24 104 7 39 48 24 0 0 88 0 0 0 6 8 63 10 42 0 36 15 105 0 0
0 0 0 35 0 30 10 0 44 0 21 0 0 9 0 0 0 0 0 35 42 0 0 0 0 0 0 5 45 0 2 0 0 0 0 0 0 0 7 0 0 21 0 0 86 0 5 0 27 0 0 0 0 6 0 0 0 0 6 42 0 0 0 0
0 0 14 14 20 0 8 0 6 28 63 0 0 49 0 0 0 4 20 63 6 21 0 0 0 0 0 0 0 35 0 0 0 0 0 0 0 0 2 0 43 0 0 0 40 0 0 42 0 54 0 0 0 35 0 0 0 0 8 26 0 16 18 0
0 18 0 70 0 9 0 0 0 3 7 0 54 0 0 6 0 68 0 0 0 36 0 48 30 0 0 0 18 0 0 0 0 0 0 51 36 0 0 55 0 3 0 0 0 0 54 0 12 0 0 30 63 0 0 12 0 0 0 0 0 0 0 63
24 0 0 42 0 0 0 3 36 0 0 9 0 54 0 0 0 24 0 40 33 0 38 0 0 30 3 73 54 15 54 0 0 0 36 48 0 0 9 30 24 0 40 0 102 54 15 0 30 3 0 0 42 36 5 0 0 0 0 96 0 41 0 0
0 0 32 52 0 12 0 8 21 7 0 0 0 21 0 78 42 55 12 54 0 0 32 18 16 0 31 40 0 66 8 0 35 72 0 35 7 74 62 0 0 75 127 0 0 48 24 0 49 91 24 58 42 0 26 0 4 0 25 42 9 185 54 0
20 0 0 63 0 42 8 0 29 0 14 0 0 45 0 0 0 45 0 14 14 0 15 0 0 0 15 13 36 0 0 0 42 0 78 0 0 0 9 25 14 14 33 0 90 0 4 0 81 15 0 48 35 0 0 0 6 0 18 14 0 36 0 9
0 0 0 23 0 0 8 16 0 14 0 0 0 0 0 0 0 0 0 0 0 0 18 0 0 0 0 0 0 0 0 27 0 0 12 0 0 0 16 0 18 0 0 0 0 111 0 0 0 0 0 12 54 0 0 0 64 0 0 0 4 0 9 0
0 0 4 0 6 4 0 0 0 16 22 0 0 0 0 0 0 0 18 10 23 0 0 0 0 6 0 0 0 0 0 3 0 2 0 0 0 2 0 0 0 8 6 0 0 8 0 0 0 0 16 0 0 10 8 0 0 0 6 0 9 0 0 0
8 57 10 0 0 0 0 69 2 12 59 111 0 0 0 0 30 0 37 19 121 0 6 0 0 48 27 0 0 0 0 30 0 16 12 0 0 23 9 0 4 0 0 0 16 0 0 0 21 27 3 4 0 15 7 0 0 0 0 4 72 103 24 0
0 0 0 0 40 10 16 0 0 20 0 0 0 0 0 0 5 8 0 0 40 12 0 36 10 10 0 16 69 5 18 0 20 0 0 16 52 0 0 0 24 0 40 0 74 8 18 0 30 72 0 10 0 42 0 4 0 0 16 16 0 32 0 0
0 0 0 0 0 0 0 0 0 0 0 0 0 0 0 0 0 0 0 0 0 0 0 0 0 0 0 0 0 0 0 0 0 0 0 0 0 0 0 0 0 0 0 0 0 0 0 0 0 0 0 0 0 0 0 0 0 0 0 0 0 0 0 0
0 14 0 49 0 7 0 0 0 0 0 0 42 35 0 0 0 91 30 0 0 15 0 36 0 0 30 0 0 15 0 0 0 0 0 28 42 0 0 42 0 0 0 0 0 0 0 30 0 0 0 0 35 0 0 0 0 0 0 0 0 48 0 49
0 0 0 6 6 0 0 12 0 0 0 36 7 0 0 0 0 36 20 0 36 0 0 0 0 45 12 78 0 0 81 4 2 0 36 72 0 0 10 0 95 28 0 0 81 94 0 0 59 12 0 16 72 16 0 8 64 0 0 88 0 45 28 0
0 0 0 0 1 30 0 0 15 60 0 0 0 39 0 0 7 0 28 0 56 0 0 28 6 0 0 0 0 7 6 0 28 0 0 0 56 32 0 0 51 0 80 0 0 0 0 7 40 0 64 0 0 18 32 0 2 0 18 0 0 33 0 0
0 0 24 44 30 12 8 16 0 38 0 0 35 31 0 0 6 0 0 0 48 9 0 24 0 0 0 0 0 15 0 2 24 0 30 0 48 0 51 0 28 14 48 0 0 8 0 18 56 0 0 0 0 8 30 40 16 40 0 8 4 15 14 0
0 0 0 35 0 0 0 0 0 0 0 0 0 0 8 0 0 17 5 63 0 0 0 6 0 2 5 15 0 35 0 0 5 0 0 12 7 0 14 0 0 0 0 0 0 45 0 0 53 45 0 0 0 0 0 0 16 0 2 35 0 53 63 0
0 36 16 35 0 30 0 0 0 60 0 12 0 63 0 0 7 34 0 45 56 27 0 28 0 30 0 48 0 69 54 0 28 0 0 52 56 0 0 0 24 0 56 0 54 44 8 54 58 45 64 0 20 0 32 0 0 0 0 83 4 0 45 0
0 0 0 49 15 6 30 48 0 54 0 0 0 0 0 3 3 26 0 9 30 0 0 21 0 57 0 48 0 10 54 0 12 0 36 48 24 0 48 0 30 0 24 0 81 24 0 0 42 36 0 0 0 0 0 0 48 0 6 55 12 12 9 0
12 0 18 21 45 14 18 24 26 28 0 0 0 39 12 0 7 32 0 0 56 0 9 59 0 40 0 64 0 61 72 0 28 0 18 118 56 0 0 15 50 4 56 0 135 32 0 0 68 144 0 30 21 0 0 27 0 30 18 64 12 36 54 0
5 36 0 19 2 12 7 46 3 9 3 30 12 0 0 18 30 0 36 0 0 0 0 0 6 0 1 2 18 0 4 0 0 0 0 48 0 0 11 9 0 8 24 9 22 0 2 8 36 0 0 0 54 0 0 0 0 0 5 0 0 1 24 0
0 15 0 0 0 0 0 52 0 0 20 36 0 0 0 0 35 30 0 0 36 0 0 0 0 0 12 0 0 45 0 8 0 0 72 0 0 15 39 0 0 76 0 0 0 0 0 0 0 12 45 0 0 32 20 0 0 0 0 32 0 94 56 45
48 0 24 0 0 0 0 0 0 0 12 0 0 3 0 0 0 0 7 0 15 0 64 0 0 18 0 35 36 21 0 45 0 6 0 0 0 56 0 0 0 0 62 0 0 42 21 0 21 0 18 24 0 24 7 0 0 0 0 0 27 56 0 0
0 6 10 0 0 0 0 23 0 20 45 5 0 0 16 0 5 0 6 25 0 0 0 0 8 0 16 0 72 8 0 0 0 0 0 0 0 0 16 0 0 28 0 20 0 0 0 0 16 0 0 0 0 73 0 0 0 20 0 0 0 0 4 0
0 84 0 37 0 0 0 24 38 0 0 0 0 51 0 0 0 18 10 9 0 48 0 70 40 0 5 27 24 7 32 54 0 0 18 0 55 40 42 0 0 0 39 0 0 0 72 0 15 9 0 40 0 24 4 16 0 0 54 16 0 71 9 27
0 9 0 0 0 49 0 0 0 0 0 0 0 27 0 0 0 7 5 0 0 0 0 6 0 63 5 0 9 0 0 0 0 9 0 0 7 0 21 0 0 0 0 72 0 81 0 0 0 0 0 9 0 21 3 0 0 63 0 0 0 29 0 0
